5 0.5069742773800052 0.590692124105012 0.15083532219570414 0.12171837708830545
6 0.8693980376557943 0.5787589498806682 0.1634049323786793 0.15035799522673032
3 0.13826571201272872 0.5751789976133652 0.17597454256165473 0.13603818615751784
1 0.32366746221161496 0.5513126491646778 0.10684168655529039 0.10739856801909305
10 0.8708035003977724 0.7380668257756562 0.25839299920445497 0.49284009546539376
10 0.5027844073190135 0.7625298329355609 0.17597454256165485 0.47494033412887826
10 0.6483823919384778 0.5184964200477328 0.16968973747016708 0.22076372315035805
10 0.33414213736409437 0.5823389021479713 0.16549986740917524 0.2004773269689737
10 0.1445505171042164 0.7273269689737469 0.25139220365950676 0.5238663484486874
11 0.49685759745425556 0.2076372315035787 0.9937151949085111 0.39379474940333714
10 0.5111641474409971 0.1431980906921241 0.5949615486608327 0.15274463007159902
7 0.6169583664810395 0.5298329355608589 0.08170246618933934 0.09785202863961812
