0 0.3170062695924765 0.589639208173691 0.12460815047021939 0.6466155810983397
3 0.9792319749216302 0.8970466155810983 0.04153605015673975 0.10335249042145592
3 0.9502351097178683 0.8506704980842912 0.0854231974921629 0.1298531289910599
3 0.8832288401253918 0.8182072158365261 0.059561128526645746 0.14442848020434226
3 0.7962382445141065 0.7433429118773947 0.04858934169278996 0.10600255427841646
3 0.7492163009404388 0.7049169859514687 0.04075235109717866 0.0848020434227331
3 0.7233542319749217 0.6883540868454662 0.036050156739811996 0.056976372924648896
3 0.6939655172413793 0.6558908045977012 0.027429467084639468 0.03710089399744561
1 0.08316942354656964 0.609514687100894 0.15379966214016122 0.2279054916985951
1 0.75 0.7605683269476373 0.5 0.2703065134099616
