0 0.313871473354232 0.5432630906768838 0.13557993730407525 0.5591634738186463
1 0.6677115987460814 0.5015245849297574 0.03605015673981185 0.13382822477650058
3 0.9706457608996856 0.8958465550753703 0.05870847820062892 0.12245294299295778
3 0.9389552115419355 0.8471287175405375 0.06853176755144176 0.15142030585150706
3 0.8789899149344242 0.8168446563702362 0.06074406669332305 0.13561992611048027
3 0.7902101251518748 0.7457429475356154 0.049841285491957876 0.10138577000492205
3 0.7450414601747881 0.7049252998712963 0.04205358463383902 0.08031859701688632
3 0.7185632772571858 0.687149872662641 0.03270834360409708 0.06846831221111628
3 0.7092180362274436 0.6673993979863576 0.03893850429059185 0.04740113922308055
3 0.6780672327949702 0.6489656216218261 0.035823423947344536 0.03686755272906247
1 0.09632597869352866 0.5969363894635964 0.16977187870698018 0.1777149743985179
1 0.8230688296383424 0.8477870666964137 0.33672939883545466 0.22383871299787983
