0 0.307601880877743 0.5412755427841635 0.11833855799373044 0.5180874840357599
3 0.975705329153605 0.8924090038314176 0.04858934169278996 0.12322796934865905
3 0.9525862068965517 0.8453703703703703 0.08228840125391841 0.12455300127713925
3 0.8906739811912225 0.8082694763729247 0.07601880877742957 0.11925287356321831
3 0.7981974921630094 0.738705300127714 0.05094043887147336 0.11527777777777772
3 0.7558777429467085 0.7108796296296296 0.058777429467084516 0.0887771392081737
3 0.731191222570533 0.6890166028097062 0.05015673981191227 0.07420178799489136
3 0.7170846394984326 0.6777538314176246 0.039184952978056346 0.06757662835249036
3 0.6876959247648904 0.6578783524904215 0.03996865203761743 0.07817688378033204
1 0.7292319749216298 0.8208572796934868 0.5415360501567396 0.29813218390804586
1 0.08869746160931755 0.6469516787379652 0.16757006049380038 0.3047573435504468
