1 0.642929292929293 0.39057239057239057 0.033333333333333284 0.08080808080808076
3 0.740909090909091 0.13198653198653199 0.01919191919191917 0.04489337822671157
3 0.7585858585858586 0.1490460157126824 0.016161616161616196 0.043097643097643114
3 0.7848484848484848 0.17418630751964084 0.022222222222222286 0.050280583613916914
3 0.8090909090909091 0.1966329966329966 0.01818181818181827 0.04848484848484848
3 0.8323232323232324 0.21907968574635242 0.0262626262626263 0.05387205387205388
3 0.8454545454545455 0.2675645342312009 0.028282828282828232 0.03950617283950621
3 0.9292929292929293 0.4049382716049383 0.022222222222222143 0.05925925925925924
3 0.9616161616161617 0.46060606060606063 0.022222222222222286 0.05207631874298542
3 0.9813131313131314 0.47676767676767673 0.01717171717171709 0.05566778900112226
3 0.993939393939394 0.5001122334455669 0.01212121212121204 0.06644219977553313
1 0.859090909090909 0.3304152637485971 0.28181818181818186 0.574635241301908
