3 0.9727272727272728 0.4785634118967452 0.03232323232323225 0.06285072951739615
3 0.9681818181818181 0.4202020202020202 0.02525252525252526 0.05746352413019082
3 0.9439393939393939 0.4282828282828282 0.027272727272727195 0.05566778900112233
3 0.9267676767676767 0.3968574635241302 0.033333333333333284 0.050280583613917004
3 0.8439393939393941 0.27295173961840624 0.02323232323232318 0.057463524130190784
3 0.8323232323232322 0.23613916947250282 0.022222222222222286 0.059259259259259206
3 0.8055555555555556 0.20022446689113355 0.0252525252525254 0.04848484848484851
3 0.7863636363636364 0.18226711560044895 0.023232323232323323 0.030527497194163828
3 0.7707070707070707 0.16161616161616163 0.016161616161616054 0.03950617283950615
3 0.7550505050505052 0.1490460157126824 0.013131313131313079 0.03950617283950615
3 0.740909090909091 0.12121212121212122 0.02323232323232318 0.04848484848484848
1 0.8590909090909092 0.3079685746352413 0.2818181818181816 0.5117845117845118
