6 0.4671705118005834 0.581145584725537 0.14245558207372042 0.09069212410501194
3 0.23149032086979582 0.5757756563245823 0.12360116679925753 0.07995226730310265
9 0.6159108989657915 0.5435560859188544 0.10474675152479448 0.0990453460620526
7 0.7656987536462476 0.5614558472553699 0.13198090692124112 0.11813842482100234
16 0.2241580482630602 0.743436754176611 0.17178467250066298 0.513126491646778
13 0.4776451869530628 0.7553699284009546 0.1759745425616547 0.48926014319809075
13 0.7908379740121984 0.7416467780429593 0.2157783081410767 0.5167064439140812
15 0.5289710952002113 0.13842482100238646 0.5886767435693434 0.1384248210023863
15 0.18330681516839037 0.04713603818615752 0.1152214266772739 0.039379474940334135
14 0.4985945372580218 0.3400954653937947 0.9929992044550517 0.22195704057279236
