6 0.47345531689207104 0.6241050119331742 0.20111376292760547 0.1789976133651551
7 0.9147971360381861 0.5793556085918854 0.17040572792362782 0.18496420047732692
3 0.05865818085388491 0.5900954653937949 0.11731636170776982 0.22076372315035805
1 0.28176876160169717 0.5686157517899761 0.16130999734818352 0.1610978520286397
13 0.9022275258552108 0.727326968973747 0.19554494828957844 0.5071599045346062
13 0.4902147971360382 0.740453460620525 0.2262529832935561 0.46420047732696895
13 0.08693980376557944 0.7070405727923628 0.16130999734818352 0.5214797136038186
13 0.27338902147971333 0.6521479713603818 0.16968973747016694 0.46897374701670635
13 0.6703792097586847 0.5405727923627686 0.2472023335985149 0.2124105011933174
14 0.49476266242376027 0.17124105011933177 0.9895253248475205 0.2971360381861576
9 0.6473349244232299 0.5477326968973747 0.16759480243967126 0.11217183770883053
15 0.5048793423495094 0.13902147971360382 0.5823919384778573 0.13723150357995226
