3 0.06182531894013739 0.9703140333660452 0.06575073601570165 0.05937193326790961
3 0.1113837095191364 0.9407066138623079 0.04317958783120709 0.11858677227538422
3 0.15701668302257116 0.9179870988762913 0.06182531894013742 0.13932903295876373
3 0.19528949950932287 0.8954246781507096 0.055937193326790965 0.20915064369858072
3 0.23994111874386653 0.840485324292979 0.03925417075564276 0.16545322663853212
3 0.2718351324828263 0.8248108080851181 0.05397448478900884 0.15848677499059363
3 0.3012757605495584 0.7952033885813807 0.040235525024533876 0.16893645246250102
3 0.32826300294406274 0.7446966141338288 0.029440628066732123 0.1619700008145628
3 0.35623159960745826 0.7159600010860839 0.036310107948969515 0.14629548460670194
3 0.3729146221786064 0.6846109686703619 0.04023552502453391 0.12887935548685647
3 0.39548577036310106 0.6567451620786092 0.03827281648675168 0.11842967801494915
3 0.416584887144259 0.6419414523267406 0.025515210991167835 0.1619700008145628
3 0.4332679097154072 0.6149464521909801 0.025515210991167905 0.14629548460670194
3 0.4548577036310108 0.5949179037031578 0.0235525024533856 0.12713774257487181
3 0.4793915603532875 0.5748893552153356 0.03336604514229627 0.03483225823969093
3 0.4926398429833169 0.544411129255606 0.024533856722276683 0.09230548433518095
3 0.5053974484789008 0.5496359679915597 0.024533856722276752 0.11320483927899552
3 0.509322865554465 0.5191577420318301 0.024533856722276683 0.12887935548685647
3 0.52747791952895 0.5026124193679768 0.017664376840039252 0.11668806510296463
3 0.5382728164867517 0.4869379031601159 0.01570166830225702 0.06443967774342824
3 0.5471050049067714 0.48345467733614683 0.025515210991167835 0.08882225851121177
3 0.5637880274779196 0.46342612884832457 0.025515210991167835 0.0731477423033509
3 0.5780176643768401 0.4312062899766104 0.018645731108930405 0.06792290356739727
3 0.5907752698724239 0.4224982254166878 0.02257114818449459 0.06443967774342817
3 0.6074582924435721 0.41466096731275726 0.024533856722276752 0.0557316131835055
3 0.6182531894013739 0.3894075800889813 0.018645731108930336 0.050506774447551875
3 0.6354268891069677 0.3867951607210045 0.017664376840039183 0.07663096812732008
3 0.6530912659470068 0.35980016058524406 0.017664376840039325 0.07140612939136631
3 0.6923454367026497 0.302326934489754 0.011776251226692694 0.05399000027152091
3 0.7026496565260058 0.30145612803376176 0.010794896957801683 0.04876516153556725
3 0.7144259077526988 0.2988437086657849 0.012757605495583989 0.05747322609549009
3 0.7291462217860648 0.27533193435399356 0.016683022571148173 0.04179870988762918
3 0.7914622178606477 0.2596574181461326 0.019627085377821346 0.027865806591752716
3 0.024533856722276738 0.3232262894335685 0.02060843964671246 0.05050677444755184
3 0.049558390578999016 0.3206138700655917 0.019627085377821395 0.04528193571159829
3 0.06820412168792934 0.311905805505669 0.009813542688910699 0.038315484063660005
3 0.0873405299313052 0.3101641925936845 0.022571148184494617 0.052248387359536394
3 0.1113837095191364 0.29710209575380037 0.01962708537782138 0.06095645191945913
3 0.13297350343473993 0.2936188699298312 0.015701668302257145 0.057473226095489986
3 0.15260058881256133 0.283169192457924 0.02747791952894996 0.0609564519194592
3 0.3243375858684985 0.2378872567463258 0.01962708537782138 0.04702354862358266
1 0.34003925417075576 0.7221341934082472 0.6378802747791956 0.5034832258239686
1 0.23503434739941118 0.32583870880154536 0.44160942100098133 0.2647251626216511
