3 0.061334641805691856 0.9781512914699756 0.07262021589793916 0.04369741706004873
3 0.10402355250245339 0.9424482267742924 0.06771344455348381 0.11510354645141518
3 0.14622178606476935 0.9057958084923993 0.0775269872423945 0.16022838790257837
3 0.20559371933267911 0.8727051631646929 0.06084396467124634 0.16719483955051642
3 0.260549558390579 0.8370020984690097 0.05103042198233563 0.127137742574872
3 0.29048086359175657 0.7568879045177206 0.05201177625122668 0.14107064587074816
3 0.317468105986261 0.742084194765852 0.058881256133464246 0.16022838790257837
3 0.3366045142296369 0.6907066138623078 0.04219823356231593 0.13410419422281003
3 0.3773307163886163 0.694189839686277 0.037291462217860595 0.16893645246250094
3 0.3964671246319921 0.6558743556226169 0.02845927379784101 0.1515203233426555
3 0.41265947006869474 0.6480370975186865 0.033366045142296345 0.17764451702242381
3 0.4288518155053974 0.6097216134550264 0.03827281648675168 0.14281225878273282
3 0.4514229636898921 0.598401129527127 0.024533856722276752 0.14803709751868652
3 0.46368989205103034 0.5766309681273201 0.02944062806673202 0.16022838790257815
3 0.4818449460255151 0.5557316131835056 0.028459273797840936 0.08359741977525814
3 0.49656526005888124 0.544411129255606 0.034347399411187425 0.0783725810393046
3 0.5049067713444554 0.5330906453277063 0.041216879293425 0.06618129065541276
3 0.515701668302257 0.5235117743117914 0.035328753680078505 0.12365451675090262
3 0.5309126594700687 0.5008708064559922 0.020608439646712568 0.13410419422281017
3 0.5426889106967615 0.4782298386001932 0.018645731108930336 0.08185580686327378
3 0.5554465161923455 0.46603854821630136 0.016683022571148173 0.06792290356739727
3 0.5726202158979392 0.4460099997284791 0.025515210991167693 0.052248387359536394
3 0.5824337585868499 0.43991435453653316 0.033366045142296345 0.08533903268724273
3 0.5971540726202158 0.4277230641526414 0.023552502453385672 0.10623838763105731
3 0.6089303238469087 0.4094361285768036 0.025515210991167835 0.1079800005430419
3 0.6310107948969578 0.3876659671769967 0.02257114818449452 0.09927193598311909
3 0.655053974484789 0.35718774121726726 0.015701668302257162 0.08011419395128919
3 0.6982335623159961 0.30406854740173855 0.019627085377821346 0.07488935521533549
3 0.725711481844946 0.2857816118259008 0.019627085377821346 0.04528193571159821
3 0.7487733071638862 0.2613990310581172 0.020608439646712357 0.04528193571159821
3 0.027968596663395483 0.31800145069761493 0.02355250245338568 0.06095645191945906
3 0.05986261040235525 0.3145182248736458 0.022571148184494606 0.0679229035673973
3 0.08096172718351324 0.29971451512177716 0.017664376840039245 0.0626980648314436
3 0.10942100098135427 0.2866524182818931 0.01766437684003927 0.057473226095490056
3 0.13297350343473993 0.2892648376498699 0.02355250245338569 0.06966451647938196
3 0.155053974484789 0.2796859666339549 0.01864573110893032 0.06792290356739734
3 0.1800785083415113 0.2762027408099858 0.02944062806673209 0.07140612939136638
3 0.31059862610402356 0.23179161155437988 0.01962708537782138 0.0557316131835055
3 0.3307163886162904 0.2283083857304108 0.014720314033366079 0.03831548406366004
3 0.3488714425907752 0.21611709534651893 0.02355250245338574 0.05921483900747454
3 0.37536800785083413 0.21263386952254984 0.0235525024533856 0.04528193571159821
3 0.4003925417075564 0.20044257913865807 0.01472031403336601 0.03483225823969093
3 0.41707556427870457 0.19695935331468895 0.012757605495583918 0.034832258239690966
3 0.43277723258096173 0.19870096622667355 0.012757605495583918 0.041798709887629105
3 0.44798822374877334 0.19173451457873533 0.009813542688910602 0.048765161535567286
3 0.7890088321884201 0.2535617729541867 0.016683022571148315 0.03657387115167545
1 0.33807654563297346 0.6950606461422693 0.6359175662414132 0.4876516153556731
1 0.19774288518155053 0.2988437086657849 0.3788027477919529 0.19331903323028465
