0 0.3158307210031348 0.5578384418901661 0.12068965517241381 0.5750638569604086
3 0.975705329153605 0.9089719029374203 0.04858934169278996 0.13515325670498085
3 0.9392633228840126 0.8447078544061304 0.06974921630094044 0.12322796934865905
3 0.8844043887147336 0.8069444444444445 0.06504702194357365 0.0980523627075351
3 0.8001567398119122 0.7479805236270753 0.06112852664576806 0.10467752234993612
3 0.7476489028213166 0.7082295657726693 0.042319749216300835 0.0808269476372925
3 0.7245297805642633 0.6823914431673052 0.04153605015673989 0.05830140485312896
3 0.7170846394984326 0.674441251596424 0.05015673981191227 0.06095146871008936
3 0.6829937304075235 0.6499281609195403 0.028996865203761785 0.05167624521072788
3 0.6814263322884012 0.6075271392081737 0.025862068965517154 0.02782567049808428
1 0.7449059561128526 0.8188697318007666 0.5101880877742947 0.3339080459770118
1 0.08738244514106583 0.6366778416347382 0.17476489028213166 0.26898148148148154
