3 0.034522003034901286 0.7110942505479685 0.043247344461305015 0.08227954813690787
3 0.08345978755690442 0.7310740178721971 0.06828528072837634 0.07553532287978414
3 0.13353566009104706 0.7465857359635814 0.0591805766312595 0.08227954813690772
3 0.18854324734446135 0.774237059517788 0.06297420333839149 0.09172146349688105
3 0.25000000000000006 0.7978418479177205 0.06600910470409715 0.08767492834260665
3 0.32245827010622163 0.830888551677626 0.07132018209408195 0.10251222390827863
3 0.40250379362670713 0.8619119878603945 0.08421851289833078 0.10251222390827863
3 0.4817905918057664 0.8915865789917384 0.0773899848254932 0.10251222390827863
3 0.5732169954476479 0.9192379025459451 0.10242792109256449 0.10655875906255276
3 0.6767830045523522 0.9606305850615411 0.08649468892260984 0.07873882987691772
3 0.7996965098634294 0.9828865284100489 0.09559939301972677 0.03422694317990221
3 0.021623672230652508 0.5476310908784354 0.03869499241274659 0.05395380205698878
3 0.05728376327769349 0.5590962738155455 0.0402124430955994 0.04181419659416605
3 0.09256449165402125 0.5665149215983815 0.03945371775417303 0.04855842185128992
3 0.13391502276176026 0.582701062215478 0.038694992412746584 0.05395380205698878
3 0.17261001517450686 0.5968639352554376 0.03869499241274662 0.05260495700556404
3 0.21889226100151749 0.6022593154611365 0.04324734446130499 0.055302647108413365
3 0.26555386949924137 0.6204687236553701 0.04855842185128988 0.062046872365537166
3 0.31373292867981795 0.6359804417467545 0.052352048558421876 0.0580003372112629
3 0.36494688922610025 0.6487944697352893 0.05007587253414265 0.07553532287978407
3 0.4245068285280729 0.6643061878266738 0.05690440060698023 0.0795818580340584
3 0.486722306525038 0.6858877086494689 0.0584218512898331 0.06339571741696176
3 0.5569044006069803 0.7013994267408532 0.06828528072837628 0.06744225257123589
3 0.6251896813353567 0.7175855673579496 0.06676783004552349 0.0620468723655371
3 0.7025796661608499 0.7519811161692802 0.07132018209408202 0.07418647782835933
3 0.7890743550834598 0.7668184117349521 0.06980273141122922 0.08227954813690787
3 0.8854324734446132 0.78907435508346 0.07435508345978746 0.08362839318833223
1 0.49089529590288306 0.29674591131343786 0.981790591805766 0.48558421851289835
