3 0.6540212443095599 0.971885010959366 0.08497723823975718 0.05622997808126783
3 0.5459028831562974 0.9543500252908447 0.08877086494688925 0.09129994941831043
3 0.4533383915022762 0.9087000505816892 0.0781487101669196 0.11060529421682672
3 0.3694992412746586 0.8790254594503459 0.07435508345978768 0.11060529421682673
3 0.2936267071320182 0.8338391502276178 0.06676783004552352 0.08767492834260665
3 0.22837632776934744 0.8048389816219863 0.07283763277693474 0.08093070308548306
3 0.16426403641881632 0.7771876580677796 0.056904400606980286 0.10116337885685382
3 0.10773899848254924 0.7502107570392852 0.05614567526555387 0.07148878772551001
3 0.05273141122913499 0.7299780812679144 0.058421851289833106 0.06339571741696176
3 0.02427921092564483 0.6996290676108583 0.016691957511380882 0.06204687236553724
3 0.8721547799696513 0.8082110942505482 0.07814871016691967 0.08497723823975718
3 0.7757966616084976 0.781908615747766 0.08573596358118352 0.08902377339403131
3 0.6866464339908953 0.753582869667847 0.0758725341426404 0.0809307030854832
3 0.6084977238239757 0.7353734614736134 0.069802731411229 0.07688416793120893
3 0.5379362670713203 0.708396560445119 0.06221547799696509 0.08497723823975718
3 0.46699544764795137 0.6787219693137752 0.06752655538695002 0.07418647782835947
3 0.40553869499241274 0.6740010116337887 0.0584218512898331 0.09711684370257992
3 0.34597875569044 0.6530939133367053 0.056145675265553904 0.0795818580340584
3 0.2936267071320182 0.6433990895295904 0.05007587253414261 0.08902377339403145
3 0.2446889226100152 0.6177710335525206 0.05386949924127464 0.0755353228797842
3 0.197268588770865 0.5961895127297252 0.05918057663125946 0.051256111954139316
3 0.15288315629742033 0.5840499072669028 0.05386949924127469 0.06204687236553703
3 0.11077389984825495 0.5752824144326422 0.048558421851289835 0.04990726690271451
3 0.07132018209408196 0.5617939639183949 0.050075872534142654 0.05260495700556412
3 0.03186646433990895 0.5496543584555725 0.02883156297420334 0.0660934075198113
1 0.503793626707132 0.27853650311920425 0.9726858877086495 0.5327937953127636
