0 0.3236677115987461 0.5671136653895275 0.18181818181818188 0.6174648786717752
3 0.9721786833855799 0.8957215836526181 0.055642633228840166 0.1351532567049807
3 0.9416144200626959 0.8360951468710089 0.055642633228840166 0.11395274584929752
3 0.884796238244514 0.8102570242656449 0.06896551724137936 0.12322796934865905
3 0.7958463949843261 0.7360552362707534 0.05877742946708466 0.09142720306513424
3 0.7547021943573669 0.7029294380587484 0.05015673981191227 0.0914272030651341
3 0.7268808777429467 0.6916666666666665 0.04937304075235104 0.06360153256704976
3 0.719435736677116 0.6684786079182631 0.07680250783699066 0.07022669220945083
3 0.6822100313479623 0.602227011494253 0.03213166144200628 0.05167624521072788
3 0.6775078369905956 0.6572158365261813 0.025862068965517297 0.05300127713920823
3 0.6551724137931035 0.6260775862068967 0.018808777429467086 0.03577586206896548
1 0.7464733542319749 0.7625558748403577 0.5070532915360502 0.3166826309067689
1 0.11559561128526644 0.5949393358876116 0.20611285266457677 0.18815453384418895
