3 0.04059180576631252 0.6342100826167594 0.044764795144157835 0.06609340751981115
3 0.0770106221547799 0.64297757545102 0.04628224582701062 0.059349182262687775
3 0.12746585735963575 0.6591637160681167 0.048558421851289835 0.07013994267408535
3 0.1764036418816388 0.674675434159501 0.052352048558421876 0.0795818580340584
3 0.22723823975720783 0.6901871522508852 0.05386949924127464 0.09172146349688105
3 0.2833839150227617 0.7124430955993931 0.05235204855842184 0.10116337885685396
3 0.34408194233687395 0.7394199966278873 0.05842185128983303 0.08227954813690772
3 0.4089529590288315 0.7515596020907099 0.07435508345978753 0.07688416793120907
3 0.4825493171471927 0.7805597706963414 0.078907435508346 0.08632608329118213
3 0.5625948406676783 0.8075366717248358 0.07663125948406681 0.09172146349688091
3 0.6411229135053111 0.832490305176193 0.08042488619119886 0.0795818580340584
3 0.7336874051593324 0.8635137413589615 0.08952959028831557 0.08227954813690787
3 0.840288315629742 0.901955825324566 0.10546282245827016 0.10520991401112809
1 0.5018968133535655 0.30239419996627886 0.9582701062215472 0.5570730062384084
