9 0.0647693817468106 0.9633475817181071 0.0637880274779195 0.07330483656378604
9 0.10893032384690873 0.9433190332302847 0.05986261040235526 0.1133619335394306
9 0.1619234543670265 0.9145038730523223 0.05397448478900882 0.1706780653744856
9 0.19774288518155053 0.8674803244287395 0.05495583905789992 0.19506064614226928
9 0.2311089303238469 0.850064195308894 0.05299313052011776 0.20899354943814558
9 0.2723258096172718 0.8091362918772572 0.03925417075564273 0.16197000081456267
9 0.3022571148184494 0.7795288723735198 0.03827281648675175 0.1619700008145628
9 0.3243375858684985 0.7525338722377591 0.03925417075564273 0.18112774284639285
9 0.35377821393523057 0.7116059688061225 0.04121687929342485 0.1410706458707483
9 0.37585868498527963 0.6907066138623079 0.02845927379784101 0.17938612993440842
9 0.3964671246319921 0.6680656460065089 0.036310107948969585 0.20028548487822279
9 0.41854759568204114 0.627137742574872 0.037291462217860595 0.08708064559922732
9 0.43817468105986257 0.6140756457349879 0.03925417075564283 0.09230548433518095
9 0.4538763493621197 0.6018843553510961 0.035328753680078505 0.11668806510296463
9 0.4946025515210991 0.5417987098876291 0.022571148184494662 0.1288793554868564
9 0.5107948969578017 0.5217701613998069 0.02944062806673223 0.09578871015915019
9 0.5279685966633955 0.509578871015915 0.026496565260059057 0.12713774257487187
9 0.5456329735034349 0.48519629024813143 0.016683022571148173 0.11320483927899552
9 0.5632973503434741 0.47474661277622404 0.020608439646712568 0.10972161345502641
9 0.5667320902845927 0.44252677390451 0.04317958783120709 0.048765161535567356
9 0.5839057899901864 0.43381870934458727 0.024533856722276683 0.09753032307113457
9 0.6020608439646712 0.4190149995927186 0.013738959764474928 0.08882225851121184
9 0.6167811579980373 0.4024696769288654 0.011776251226692836 0.0696645164793818
9 0.6290480863591756 0.3963740317369195 0.018645731108930263 0.07837258103930467
9 0.6408243375858684 0.378957902617074 0.018645731108930405 0.0609564519194592
9 0.648675171736997 0.359800160585244 0.01472031403336601 0.06792290356739734
9 0.6894013738959766 0.31364741841765353 0.011776251226692836 0.06618129065541278
9 0.7021589793915604 0.3014561280337617 0.011776251226692694 0.0557316131835055
9 0.7173699705593719 0.2918772570178468 0.014720314033365867 0.06443967774342826
9 0.7340529931305201 0.27359032144200895 0.01472031403336601 0.04528193571159829
9 0.746810598626104 0.2500785471302176 0.008832188420019663 0.04005709697564452
9 0.0240431795878312 0.3284511281695222 0.019627085377821388 0.08185580686327362
9 0.05789990186457311 0.3127766119616613 0.018645731108930336 0.05747322609549002
9 0.08439646712463199 0.30755177322570765 0.0225711481844946 0.06443967774342817
9 0.12217860647693818 0.2944896763858235 0.027477919528949943 0.05224838735953636
9 0.15210991167811583 0.28229838600193174 0.01668302257114819 0.04528193571159821
9 0.17762512266928362 0.27533193435399356 0.014720314033366044 0.05224838735953636
4 0.22473012757605496 0.5034832258239692 0.11089303238469082 0.40057096975644585
4 0.26840039254170756 0.2701070956180399 0.08832188420019627 0.2821412917414965
4 0.061825318940137396 0.19783015977068122 0.07360157016683024 0.15848677499059374
4 0.33267909715407257 0.15254822405908303 0.030421982335623134 0.1793861299344083
4 0.4538763493621197 0.1891220952107585 0.05888125613346418 0.2943325821253884
4 0.5789990186457311 0.24485370839426396 0.0578999018645731 0.22466806564600644
4 0.8675171736997056 0.6567451620786093 0.16388616290480854 0.5886651642507768
4 0.887144259077527 0.23788725674632574 0.08734052993130519 0.23860096894188282
4 0.9396467124631991 0.1924482267742924 0.034347399411187494 0.17938612993440828
7 0.3611383709519136 0.6748750033940119 0.7026496565260058 0.5277087123313177
7 0.28606476938174674 0.3221983887171411 0.5701668302257114 0.20202709779020736
