9 0.7993171471927161 0.9336536840330468 0.09484066767830043 0.10116337885685396
9 0.6919575113808801 0.8918394874388806 0.09104704097116866 0.11195413926825168
9 0.5944613050075872 0.8648625864103863 0.08573596358118366 0.12274489967964924
9 0.501896813353566 0.8163041645590963 0.07814871016691953 0.09307030854830557
9 0.42071320182094085 0.7933737986848761 0.07056145675265561 0.08767492834260651
9 0.3493930197268588 0.7603270949249705 0.06752655538694992 0.07823301298263359
9 0.2830045523520485 0.7448153768335862 0.07132018209408197 0.08227954813690772
9 0.2177541729893778 0.719861743382229 0.06373292867981789 0.07283763277693467
9 0.16426403641881626 0.7016523351879954 0.06600910470409711 0.07418647782835947
9 0.10849772382397564 0.6787219693137752 0.05614567526555389 0.06609340751981123
9 0.0553869499241274 0.6618614061709661 0.05462822458270109 0.05395380205698871
9 0.03072837632776927 0.6382566177710335 0.02807283763277694 0.08767492834260672
7 0.5087253414264036 0.29295228460630585 0.9825493171471927 0.5624683864441073
