4 0.31286549707602346 0.5405458089668617 0.1497076023391813 0.8067576348278104
4 0.0865497076023392 0.6039636127355427 0.12514619883040937 0.5759584145549058
7 0.5456140350877193 0.5499025341130604 0.2830409356725145 0.434567901234568
7 0.7561403508771929 0.5280701754385965 0.09122807017543877 0.6903183885640025
7 0.8912280701754386 0.6497076023391815 0.16725146198830415 0.5676413255360626
10 0.5011695906432749 0.3201429499675113 0.06549707602339183 0.09980506822612092
3 0.43859649122807015 0.22969460688758944 0.045614035087719315 0.1309941520467837
3 0.5380116959064327 0.2068875893437297 0.028070175438596436 0.1476283300844704
3 0.14444444444444443 0.3087719298245614 0.02923976608187134 0.09772579597141
3 0.11520467836257309 0.29421702404158545 0.019883040935672513 0.0894087069525666
3 0.21754385964912282 0.2682261208576998 0.032748538011695916 0.1081221572449643
10 0.1929824561403509 0.3160493827160494 0.049122807017543874 0.05406107862248206
11 0.19122807017543864 0.3732293697205978 0.10643274853801171 0.10604288499025344
11 0.9298245614035088 0.25679012345679014 0.06549707602339183 0.11020142949967514
3 0.6391812865497075 0.20162443144899278 0.04210526315789465 0.1663417803768681
3 0.7087719298245613 0.18395061728395057 0.03625730994152065 0.14346978557504877
3 0.7877192982456138 0.14340480831708896 0.03040935672514621 0.08317089018843409
3 0.8730994152046782 0.22449642625081215 0.05146198830409361 0.12059779077322937
11 0.8853801169590642 0.3159844054580896 0.12748538011695915 0.06653671215074716
10 0.6801169590643273 0.2255360623781676 0.03040935672514621 0.0894087069525666
