3 0.09532163742690057 0.2608836907082521 0.07251461988304092 0.19753086419753083
3 0.13684210526315788 0.3107862248213126 0.01754385964912281 0.12683560753736203
3 0.22807017543859642 0.2785575048732944 0.05263157894736839 0.1205977907732294
3 0.3532163742690059 0.26296296296296295 0.029239766081871323 0.12267706302794025
3 0.4456140350877193 0.19018843404808322 0.045614035087719246 0.17257959714100074
3 0.5514619883040935 0.19746588693957118 0.03508771929824547 0.13723196881091618
3 0.650877192982456 0.1860298895386615 0.03040935672514621 0.12683560753736192
3 0.7163742690058479 0.17563352826510736 0.039766081871345026 0.11851851851851862
3 0.7766081871345029 0.14028589993502275 0.038596491228070136 0.06445743989603639
11 0.9421052631578948 0.21929824561403508 0.04210526315789465 0.0852501624431449
4 0.8783625730994151 0.24424951267056536 0.08304093567251457 0.21416504223521773
4 0.10409356725146197 0.6341130604288499 0.1672514619883041 0.6570500324886289
7 0.4713450292397661 0.4594541910331384 0.31228070175438594 0.3784275503573749
7 0.7538011695906432 0.5197530864197532 0.11929824561403507 0.6820012995451593
7 0.8894736842105263 0.6528265107212476 0.13567251461988292 0.56140350877193
11 0.23859649122807014 0.4137102014294997 0.09005847953216371 0.14554905782975958
10 0.5169590643274854 0.27231968810916185 0.07602339181286552 0.0582196231319039
10 0.6888888888888889 0.24736842105263157 0.029239766081871323 0.07901234567901237
