6 0.307601880877743 0.5876516602809707 0.11990595611285272 0.576388888888889
5 0.13401253918495296 0.5240501277139208 0.05799373040752348 0.16032886334610474
5 0.48119122257053293 0.5618135376756066 0.021943573667711574 0.26765644955300133
5 0.5133228840125392 0.5869891443167305 0.039184952978056416 0.3312579821200511
5 0.5995297805642634 0.6280651340996168 0.07366771159874606 0.42401021711366527
5 0.8969435736677116 0.5538633461047254 0.1057993730407523 0.3100574712643678
5 0.7692006269592477 0.5214000638569604 0.055642633228840166 0.19212962962962962
5 0.7053291536050156 0.4948994252873564 0.04545454545454547 0.16032886334610474
5 0.6692789968652038 0.5035121328224776 0.026645768025078384 0.15370370370370368
5 0.6406739811912225 0.5141123882503194 0.022727272727272662 0.15105363984674333
4 0.1304858934169279 0.5810265006385695 0.08699059561128526 0.356433588761175
4 0.32210031347962387 0.5876516602809706 0.18652037617554856 0.7247924648786718
4 0.4780564263322884 0.5691012132822478 0.02821316614420063 0.3166826309067689
4 0.5172413793103449 0.5929517879948915 0.047021943573667645 0.3908844189016603
4 0.591692789968652 0.6963042784163475 0.08150470219435732 0.6028895274584929
4 0.6418495297805643 0.5068247126436782 0.02821316614420063 0.17357918263090683
4 0.6712382445141065 0.5220625798212005 0.022727272727272804 0.2226053639846743
4 0.7080721003134797 0.5048371647509579 0.05407523510971799 0.2199553001277139
4 0.7723354231974922 0.5293502554278416 0.07288401253918493 0.24778097062579818
4 0.9028213166144201 0.551213282247765 0.1300940438871473 0.3498084291187739
7 0.08839721041656289 0.5975893997445723 0.1673900321183922 0.2862068965517241
7 0.8126959247648904 0.822844827586207 0.347962382445141 0.28090676883780347
