4 0.04409882932723178 0.6576330517777853 0.05632168051717002 0.667065189068224
4 0.20849724813410644 0.47835082550691366 0.05479947293562486 0.1948425704377773
4 0.3021130143991323 0.4790273622098226 0.03348856679399297 0.09065591818979918
4 0.3805067048487068 0.66101573529233 0.07915479424034708 0.5899400049366038
4 0.5544189210402386 0.6522207581545136 0.05403836914485233 0.4830472058769899
4 0.6564068290037626 0.6055397256537962 0.05403836914485218 0.36803596638246844
4 0.7427921092564492 0.5608883032618054 0.03044415163090264 0.30850073652648086
4 0.7698112938288755 0.5622413766676234 0.023594217513949616 0.27873312159848707
4 0.4623253623567578 0.4912050228621837 0.041860708492491266 0.07171289050834873
4 0.80824703526289 0.5480341059065355 0.025877528886267244 0.22866940558322482
4 0.8348856679399299 0.5345033718483565 0.019788698560086714 0.1907833502203237
4 0.8615243006169697 0.5162368808698148 0.02131090614163199 0.15425036826324046
4 0.875604720746262 0.5148838074639971 0.012938764443133409 0.15425036826324046
6 0.9882480817806024 0.6589467486333166 0.02350383643879539 0.6088830326180544
4 0.9730711965027281 0.6637218821039658 0.04642733123712645 0.6725562357920686
5 0.8738910816950747 0.5027075163191317 0.01979871308364963 0.17057352810528856
5 0.8582805579175816 0.5304595585902301 0.015991268259870708 0.21254003105182784
5 0.832009188633508 0.5189526142339209 0.021321691013161087 0.20847875657313053
5 0.8030726079727896 0.5365514703082761 0.02741360273120705 0.23555391976444603
5 0.7672826266292693 0.5270751631913156 0.025890624801695593 0.2707516319131564
5 0.7379653014861728 0.5263982841115328 0.0403589151320547 0.2937655206257748
5 0.6522977929511506 0.5643035125793746 0.0563501833919257 0.33437826541274823
5 0.5517812496033911 0.5886711594515588 0.06244209510997166 0.42101878762495837
5 0.37816176563907966 0.5940861920898218 0.08528676405264435 0.4941217282415107
5 0.21139568235756984 0.4715710786491185 0.04873529374436817 0.2193088218496567
5 0.30505882502252735 0.4593872552130264 0.033505514449253086 0.08934803853134163
5 0.045010343558437874 0.3808692819582112 0.07234145165179649 0.11913071804178892
5 0.04539108804081574 0.6184538389620059 0.08376378612313279 0.6836478705807201
4 0.04957927734697237 0.3768080074795138 0.09214016473544603 0.148913397552236
