3 0.6555690072639224 0.4003228410008072 0.06174334140435825 0.3572773742265268
3 0.6035108958837772 0.7522195318805488 0.06416464891041165 0.29916599408124833
3 0.4073849878934625 0.7446865751950498 0.08837772397094433 0.3443637341942427
3 0.2566585956416465 0.7468388485337638 0.07021791767554475 0.30992736077481836
3 0.07142857142857142 0.7565240785579769 0.08474576271186439 0.29916599408124833
3 0.3159806295399516 0.5337637880010762 0.05084745762711869 0.24535916061339783
3 0.17554479418886199 0.513317191283293 0.060532687651331754 0.19585687382297556
4 0.8801452784503632 0.5004035512510089 0.060532687651331685 0.25612052730696805
4 0.7966101694915254 0.3486682808716706 0.04600484261501208 0.15926822706483726
7 0.7790556900726392 0.516545601291364 0.1150121065375302 0.266881894000538
11 0.5024213075060533 0.5423728813559322 0.1162227602905569 0.17648641377454935
10 0.5169491525423728 0.7877320419693302 0.11380145278450357 0.27979553403282226
10 0.17312348668280872 0.7791229486144741 0.09685230024213076 0.22383642722625766
10 0.25302663438256656 0.5369921980091472 0.08958837772397094 0.12267958030669895
10 0.5035266457680251 0.5252525252525253 0.09796238244514108 0.178335074886799
