4 0.026638632677039878 0.6305715836614273 0.05327726535407975 0.6670651890682238
4 0.051329315339571184 0.39987256796947557 0.05403836914485234 0.11636431290033926
4 0.21496663035567332 0.4769977521010958 0.06926044496030365 0.2300224789890427
4 0.30896294851608547 0.46211394463709893 0.030444151630902673 0.12718890014688233
4 0.3839316719071833 0.683022866412014 0.0936157662650259 0.6339542671759719
4 0.47526412679989155 0.4945877063767285 0.0540383691448524 0.08930284478398136
4 0.5624105108433507 0.6441023177196061 0.07306596391416648 0.48845949950026124
4 0.6666817301791923 0.6082458724654319 0.05479947293562496 0.3815667004406474
4 0.7545892180134239 0.5703598171025307 0.029683047840130143 0.32744376420793136
4 0.7838917139581679 0.5602117665588965 0.02435532130472211 0.27738004819266904
4 0.7256672739640664 0.4709089217749153 0.01902759476931422 0.06900674369671286
4 0.8204246959152512 0.5432983489861728 0.025877528886267386 0.23814091942395016
4 0.8459216729061323 0.5243553213047223 0.02054980235085935 0.18401798319123416
4 0.8767915669699982 0.5155209676166195 0.019788698560086856 0.16236880869814782
4 0.8904914352039044 0.506725990478803 0.016744283396996594 0.1637218821039658
7 0.42203205198338883 0.6873612901554924 0.8440641039667779 0.31391303014975264
6 0.987867529885216 0.6332383539227765 0.024264940229568027 0.5845277113133323
4 0.9813981476636492 0.6210606932704154 0.03720370467270158 0.6521813816042271
5 0.05110225527648389 0.39711437987300047 0.03578998134352036 0.14349836491397291
5 0.04044140976990335 0.6123619272439601 0.05558869442716993 0.7337369224846542
5 0.21406089373421494 0.4614178924523752 0.049496782709123936 0.25044525951966967
5 0.31381594811721847 0.44043464097910556 0.02969806962547434 0.14349836491397297
5 0.3789232546038354 0.6590665837489794 0.08224080819362128 0.6213749952406942
5 0.475632353127816 0.4830780230054276 0.03502849237876468 0.12319199252048613
5 0.5593961392509488 0.6191307180417889 0.060919117180460135 0.5063055516776026
5 0.6580089601868186 0.5927324339302561 0.04035891513205492 0.399358657071906
5 0.7269237114972142 0.46412540877150676 0.013706801365603524 0.1069468946056967
5 0.7524335918165319 0.5419665029465393 0.029698069625474374 0.31677940933839305
5 0.7764204942063383 0.5230138887126182 0.016752757224626578 0.2572140503174986
5 0.8209675986445497 0.5155682188350065 0.022083179977916815 0.24232271056227503
5 0.8434315231048444 0.49390808828195387 0.01218382343609221 0.18275735154138054
5 0.8754140596245861 0.47969362760651324 0.018275735154138176 0.13808333227570976
5 0.8864556496135445 0.5006768790797829 0.011422334471336342 0.16921976994572277
