4 0.41111111111111115 0.7266406757634829 0.2011695906432748 0.5426900584795321
7 0.5187134502923976 0.5467836257309941 0.25029239766081873 0.5697205977907732
7 0.7485380116959063 0.4407407407407408 0.09473684210526329 0.8233918128654973
7 0.8883040935672514 0.63411306042885 0.12397660818713448 0.5489278752436648
3 0.9333333333333332 0.23177387914230022 0.052631578947368494 0.15594541910331386
3 0.8403508771929825 0.19746588693957115 0.032748538011695985 0.13307342430149452
10 0.885964912280702 0.24736842105263157 0.039766081871345026 0.09980506822612092
3 0.5812865497076024 0.17875243664717352 0.052631578947368494 0.09148797920727748
4 0.35614035087719303 0.22865497076023394 0.06081871345029235 0.21624431448992854
3 0.2128654970760234 0.22033788174139055 0.057309941520467866 0.19129304743339834
3 0.052631578947368425 0.2837556855100715 0.06666666666666668 0.32644574398960374
3 0.14385964912280702 0.28895386614684865 0.04093567251461991 0.10396361273554262
3 0.11929824561403508 0.28174139051332037 0.03742690058479532 0.1268356075373619
11 0.14269005847953217 0.44392462638076696 0.2760233918128655 0.2183235867446394
11 0.8701754385964913 0.2921377517868746 0.14736842105263165 0.06861598440545809
