4 0.4328282828282829 0.6033670033670034 0.039393939393939446 0.2047138047138047
4 0.40454545454545454 0.5351290684624018 0.07171717171717176 0.17598204264870937
4 0.49393939393939396 0.32143658810325476 0.03232323232323225 0.12570145903479235
4 0.5434343434343434 0.3672278338945006 0.03232323232323246 0.16700336700336696
4 0.6712121212121213 0.4462401795735129 0.06161616161616152 0.15622895622895627
4 0.9707070707070707 0.4004489337822671 0.02424242424242422 0.10415263748597084
4 0.9782828282828282 0.35914702581369246 0.02525252525252526 0.05746352413019082
4 0.9924242424242425 0.43726150392817054 0.011111111111111143 0.12031425364758704
7 0.956060606060606 0.4471380471380471 0.03333333333333343 0.05746352413019082
7 0.9237373737373739 0.395959595959596 0.02323232323232318 0.07721661054994393
7 0.9434343434343435 0.41661054994388325 0.01818181818181827 0.05387205387205391
9 0.8702020202020202 0.3025813692480359 0.01919191919191917 0.044893378226711536
9 0.841919191919192 0.2505050505050505 0.02525252525252526 0.059259259259259275
9 0.8080808080808081 0.20561167227833896 0.016161616161616196 0.037710437710437715
9 0.7828282828282829 0.17149270482603815 0.010101010101009961 0.03052749719416388
9 0.7717171717171718 0.16161616161616163 0.006060606060606091 0.03232323232323234
9 0.7616161616161616 0.14814814814814814 0.014141414141414116 0.03052749719416388
9 0.7464646464646464 0.13737373737373737 0.01212121212121204 0.03411896745230079
9 0.733838383838384 0.12390572390572391 0.015151515151515155 0.035914702581369265
7 0.8424242424242423 0.3331088664421995 0.3151515151515148 0.5441077441077438
