6 0.023520485584218428 0.6996290676108583 0.0197268588770865 0.07283763277693481
6 0.05235204855842177 0.7346990389479009 0.06676783004552352 0.08093070308548306
6 0.10660091047040965 0.7562805597706963 0.05993930197268591 0.10251222390827877
6 0.16464339908952955 0.7792109256449166 0.059180576631259516 0.11869836452537527
6 0.23330804248861906 0.8048389816219863 0.06297420333839149 0.10251222390827848
6 0.3023520485584218 0.8351879952790423 0.06449165402124432 0.12274489967964924
6 0.3789833080424886 0.8695835440903728 0.07359635811836114 0.11060529421682673
6 0.46244309559939295 0.8999325577474289 0.09332321699544771 0.11465182937110086
6 0.5580424886191199 0.9449081099308717 0.09332321699544764 0.11018378013825654
6 0.659711684370258 0.9667003877929525 0.0978755690440061 0.06474456246838642
4 0.5018968133535658 0.342185128983308 0.956752655538695 0.6420502444781655
