7 0.16300940438871472 0.7711598746081505 0.08777429467084641 0.18251480320445837
7 0.5074451410658307 0.7878787878787878 0.11206896551724135 0.1853012887495646
7 0.23942006269592475 0.552420759317311 0.08228840125391851 0.16022291884360848
8 0.5144984326018809 0.5496342737722049 0.1261755485893417 0.12678509230233367
1 0.6724137931034484 0.6053639846743295 0.05485893416927909 0.33577150818530127
1 0.6242163009404389 0.42772553117380707 0.04937304075235119 0.3009404388714734
1 0.908307210031348 0.582375478927203 0.09717868338557992 0.2284918146987112
4 0.7707680250783698 0.5391849529780565 0.11206896551724142 0.2675026123301985
7 0.4992163009404389 0.5545106234761407 0.11912225705329156 0.15047021943573669
0 0.40909090909090906 0.7683733890630442 0.054858934169278936 0.2828282828282828
0 0.600705329153605 0.7628004179728317 0.05407523510971785 0.24381748519679547
0 0.25391849529780564 0.7711598746081504 0.0862068965517242 0.21873911529083942
0 0.07954545454545454 0.7530477185649599 0.060344827586206906 0.19923371647509583
0 0.3095611285266458 0.5161964472309301 0.08150470219435739 0.17136886102403345
0 0.17084639498432602 0.5266457680250783 0.04231974921630094 0.16997561825148033
