1 0.05170986723495748 0.6495146113428789 0.07002154875107626 0.6508283081984103
1 0.1742475775493425 0.5074419037320018 0.09894349280043455 0.29091078225085304
1 0.36642628471941435 0.6691341757272374 0.08296031319420998 0.6197076198645974
1 0.32076005727306023 0.4769977521010958 0.03272746300322034 0.08930284478398136
1 0.4238896209227431 0.4972938531883642 0.021310906141631777 0.08389055116070984
1 0.5304441516309026 0.649514611342878 0.06849934116953114 0.47492876544208246
1 0.6232988141051561 0.6089224091683408 0.05175505777253463 0.3693890397882864
1 0.7053303008157056 0.5640662349540311 0.027399736467812515 0.30579458971484497
1 0.7299878951317876 0.5495726555351225 0.020308291625915867 0.3392504724147532
1 0.7611719123142393 0.5368085719079017 0.024316566467888236 0.22726340216337504
1 0.7865306173450373 0.5275451180153728 0.01945325317431056 0.19144471377893013
1 0.8122367018968049 0.5139587189729972 0.02362180742594873 0.1494503894661326
1 0.8237002260888093 0.5040777014876331 0.017368976048491476 0.14203962635210948
3 0.968769497981307 0.6194164962481596 0.05181652187516107 0.5430852707313716
1 0.9571230714369307 0.640039987541756 0.08575385712613852 0.6420780289406344
4 0.3568400746259186 0.7118631519720452 0.6899090020687119 0.29918055326403803
2 0.03358800908710157 0.6401139695150586 0.032744025484497355 0.6701102889850624
2 0.17674793446118303 0.4512647062556317 0.06624953993375043 0.2599215666366302
2 0.35645933014354064 0.6164232017226573 0.058634650286193024 0.5577483617411024
2 0.5293173251430966 0.606270015525914 0.05863465028619281 0.4399714018588793
2 0.4257548259363142 0.4756323531278159 0.012945312400847725 0.0920555548504732
2 0.6184115340195195 0.5907017966909074 0.028175091695962776 0.4115424805079978
2 0.3317109387889787 0.4634485296917238 0.04721231581485668 0.12725326699918363
2 0.7056020204840533 0.5629497544198088 0.024367646872184137 0.3506233633275377
2 0.7318733897681267 0.5230138887126182 0.023606157907428413 0.34385457252970864
2 0.7596677369817119 0.5412896238667563 0.013706801365603524 0.28564297166838015
2 0.7844161283362737 0.5568578427017629 0.014468290330359394 0.29511927878534067
2 0.807641541761324 0.5203063723934868 0.009137867577069159 0.22472385448791982
2 0.8224905765740611 0.5209832514732696 0.015991268259870708 0.2179550636900909
