1 0.8691198786039454 0.20257966616084985 0.07663125948406702 0.2846063058506154
1 0.39074355083459783 0.7036756027651324 0.15781487101669195 0.48828190861574794
0 0.8232169954476478 0.16076546956668358 0.021244309559939296 0.07418647782835947
0 0.9248861911987859 0.18841679312089032 0.044006069802731106 0.05665149215983817
0 0.21471927162367221 0.22551003203507 0.05159332321699541 0.16321025122239077
0 0.05538694992412745 0.2504636654864273 0.0652503793626707 0.2562805597706963
0 0.14643399089529588 0.27878941156634635 0.036418816388467404 0.11330298431967627
0 0.11911987860394538 0.29834766481200475 0.021244309559939296 0.09846568875400435
0 0.3672230652503793 0.27406845388635986 0.036418816388467404 0.16590794132524025
0 0.45182094081942337 0.2214634968807959 0.04172989377845205 0.11465182937110097
0 0.5857359635811836 0.16683527229809486 0.04855842185128992 0.10520991401112799
0 0.5367981790591806 0.2032540886865622 0.02503793626707129 0.0755353228797842
7 0.5064491654021244 0.2679986511549486 0.04779969650986338 0.06204687236553699
7 0.18095599393019726 0.31588265048052605 0.028072837632776952 0.06069802731411226
7 0.421092564491654 0.25451020064070146 0.036418816388467404 0.05125611195413924
8 0.1544006069802731 0.44267408531444963 0.2678300455235204 0.1686056314280897
4 0.5326251896813353 0.4231158320687911 0.23065250379362667 0.26167593997639516
4 0.7439301972685888 0.5148372955656719 0.07966616084977246 0.5827010622154781
4 0.8850531107738999 0.5998145338054292 0.1342943854324737 0.46939807789580185
