6 0.030349013657056063 0.6443264205024448 0.02579666160849773 0.08632608329118206
6 0.06752655538694985 0.6638846737481032 0.045523520485584223 0.06879109762266061
6 0.11608497723823968 0.6820940819423368 0.04855842185128985 0.07553532287978428
6 0.16654021244309555 0.6982802225594336 0.058421851289833064 0.07823301298263359
6 0.2245827010622154 0.7198617433822291 0.05311077389984828 0.07823301298263374
6 0.28793626707132014 0.7448153768335862 0.056904400606980265 0.09037261844545626
6 0.35432473444613044 0.7697690102849435 0.06676783004552349 0.10251222390827863
6 0.4290591805766312 0.7900016860563143 0.07663125948406674 0.09441915359973024
6 0.5125189681335358 0.828443770021919 0.06600910470409722 0.11195413926825167
6 0.6001517450682852 0.8527229809475638 0.078907435508346 0.10386106895970341
6 0.6999241274658573 0.8938627550160178 0.09635811836115338 0.10790760411397755
6 0.8080424886191199 0.9269094587759232 0.11229135053110781 0.09576799865115504
4 0.5110015174506828 0.2976732422862923 0.9779969650986344 0.5665149215983815
