6 0.11187438665358193 0.9650891946300917 0.05986261040235522 0.06982161073981687
6 0.23061825318940138 0.9067451620786092 0.07163886162904809 0.18650967584278164
6 0.2595682041216879 0.8552890340448477 0.05299313052011776 0.18112774284639285
6 0.29293424926398426 0.8030406466853113 0.04317958783120702 0.14977871043067098
6 0.3189401373895976 0.7899785498454271 0.03827281648675175 0.17241967828647006
6 0.3454367026496565 0.7534046786937516 0.04219823356231601 0.17590290411043924
6 0.3660451422963689 0.7177016139980682 0.050049067713444584 0.15326193625464002
6 0.3925417075564279 0.700285484878223 0.03827281648675175 0.1428122587827329
6 0.41216879293424924 0.6750320976544469 0.036310107948969585 0.12017129092693374
6 0.43081452404317955 0.6523911297986479 0.028459273797840936 0.1306209683988409
6 0.44798822374877323 0.6445538716947173 0.031403336604514324 0.13932903295876364
6 0.4597644749754661 0.6193004844709415 0.03925417075564283 0.13410419422281009
6 0.4774288518155053 0.6027551618070883 0.027477919528949856 0.13932903295876373
6 0.4901864573110892 0.592305484335181 0.02944062806673209 0.1567451620786091
6 0.5063788027477919 0.5670520971114051 0.03042198233562317 0.15152032334265564
6 0.5181550539744848 0.5505067744475519 0.024533856722276825 0.14977871043067098
6 0.5299313052011777 0.5165453226638532 0.026496565260058988 0.0783725810393046
6 0.5382728164867516 0.49303354835206187 0.023552502453385672 0.08708064559922732
6 0.5485770363101079 0.5052248387359538 0.032384690873405335 0.0696645164793818
6 0.5574092247301276 0.4791006450561855 0.018645731108930263 0.10798000054304197
6 0.5662414131501472 0.47474661277622415 0.01668302257114803 0.06095645191945913
6 0.576054955839058 0.4582012901123709 0.020608439646712426 0.05921483900747454
6 0.5902845927379784 0.43904354808054097 0.02944062806673209 0.05921483900747454
6 0.611874386653582 0.41204854794478046 0.02944062806673209 0.06443967774342824
6 0.6261040235525024 0.388536773632989 0.01472031403336615 0.0557316131835055
6 0.6359175662414132 0.38331193489703536 0.016683022571148173 0.04528193571159825
6 0.6432777232580962 0.3772162897050895 0.01570166830225702 0.04702354862358277
6 0.6511285574092247 0.3676374186891745 0.00981354268891053 0.03831548406366004
6 0.6584887144259077 0.35544612830528266 0.012757605495583847 0.0557316131835055
6 0.6947988223748771 0.3162598377856304 0.010794896957801683 0.06792290356739734
6 0.7055937193326791 0.31103499904967674 0.01472031403336615 0.07140612939136638
6 0.7198233562315995 0.28839403119387763 0.009813542688910673 0.05399000027152102
6 0.7291462217860648 0.27707354726597805 0.012757605495583847 0.05224838735953646
6 0.7414131501472032 0.27097790207403216 0.009813542688910673 0.060956451919459094
6 0.023552502453385672 0.3493504831133367 0.014720314033366046 0.07488935521533549
6 0.04121687929342492 0.3380299991854372 0.02060843964671246 0.073147742303351
6 0.05740922473012757 0.33280516044948355 0.00981354268891069 0.05224838735953643
6 0.07016683022571148 0.3345467733614681 0.01962708537782138 0.09056387142319647
6 0.09175662414131501 0.321484676521584 0.013738959764475 0.043540322799613736
6 0.11579980372914622 0.3136474184176536 0.01864573110893032 0.038315484063660074
6 0.14131501472031402 0.30668096676971535 0.026496565260058898 0.04528193571159818
6 0.16290480863591758 0.2988437086657849 0.018645731108930336 0.050506774447551944
6 0.3287536800785083 0.24833693421823305 0.022571148184494554 0.05399000027152095
6 0.3488714425907752 0.2344040309223567 0.017664376840039252 0.026124193679768197
6 0.36800785083415105 0.22917919218640306 0.012757605495583847 0.04005709697564459
6 0.38321884200196266 0.22308354699445715 0.013738959764474928 0.0557316131835054
6 0.39990186457311083 0.21872951471449578 0.009813542688910744 0.03657387115167545
6 0.41315014720314025 0.2135046759785421 0.014720314033365938 0.043540322799613625
6 0.43375858684985275 0.20479661141861943 0.018645731108930405 0.04354032279961366
6 0.9435721295387635 0.2613990310581171 0.011776251226692836 0.03831548406365996
6 0.958783120706575 0.2622698375141094 0.01472031403336615 0.05399000027152091
6 0.9789008832188419 0.2587866116901404 0.019627085377821346 0.057473226095490056
1 0.24484789008832186 0.49651677417603096 0.1216879293424926 0.4981012928275804
1 0.8635917566241413 0.6201712909269337 0.16388616290480854 0.5782154867788695
1 0.880765456329735 0.20566741787461165 0.10991167811579984 0.264725162621651
1 0.5029440628066731 0.3049393538577308 0.07065750736015694 0.337872904925002
1 0.07998037291462218 0.23875806320231807 0.10991167811579981 0.1811277428463928
1 0.2718351324828263 0.21089225661056532 0.07556427870461231 0.21247677526211461
1 0.34102060843964666 0.16473951444297483 0.04317958783120712 0.22815129146997562
1 0.4524043179587831 0.25007854713021765 0.06182531894013735 0.35354742113286297
1 0.5819430814524043 0.2570449987781558 0.05201177625122668 0.27691645300554285
4 0.2212953876349362 0.40769451566481907 0.3925417075564278 0.3796716148126311
4 0.36997055937193324 0.6907066138623079 0.6270853778213935 0.5346751639792559
