1 0.0722596695858168 0.47564467869527777 0.0806770018218922 0.20566715768432053
1 0.260252305906641 0.6684576390243283 0.09589907763734357 0.6156483996471438
1 0.42769513987660596 0.6535738315603317 0.07611037907725673 0.46951647181881084
1 0.5262580807816536 0.6102754825741589 0.058604991889487784 0.37750748022319347
1 0.592854662474254 0.5663005968850776 0.028921944049356108 0.29767614927993735
1 0.6137850167205046 0.5615648399647162 0.025116425095496143 0.2773800481926668
1 0.6434680645606289 0.5419452755803549 0.023594217513949474 0.22461018536577115
1 0.6697261453422826 0.5338268351454475 0.019788698560086856 0.20296101087268476
1 0.6879926363208242 0.5108245872465431 0.013699868233906187 0.13801348739342564
1 0.6994543837199899 0.5121382841020746 0.012177660652360913 0.1447788544225152
1 0.4909119450483064 0.4438080771082708 0.03653298195708324 0.07306596391416648
1 0.3211857997060237 0.4708695452246287 0.02892194404935758 0.09200899159561715
1 0.554844663473202 0.45057344413736017 0.01674428339699652 0.051416789421080224
3 0.8672777695853412 0.5939992251540575 0.0875269359388453 0.48169413247117177
1 0.865755562003796 0.6508283081984092 0.10731563449893215 0.6332383539227764
4 0.3748436169554898 0.7516322769318426 0.7161986671169864 0.3260906908021134
2 0.06899724594824408 0.4587103761332436 0.057873161321437196 0.20983251473269632
2 0.26089246506669367 0.623868871600269 0.06701102889850624 0.578054734134589
2 0.32181158224715395 0.4587103761332436 0.015229779295115016 0.11236192724395998
2 0.4280392928305814 0.6137156854035257 0.049496782709123936 0.43320261106105046
2 0.4920043658700646 0.4296045757025793 0.022083179977916815 0.12183823436092041
2 0.5159912682598708 0.5879942803717758 0.045689337885345085 0.3573921541253667
2 0.5540657164976585 0.4356964874206253 0.021321691013161087 0.07445669877611813
2 0.5909979312883125 0.5588884799411116 0.020560202048405217 0.32896323277448525
2 0.6142233447133629 0.5439971401858879 0.018275735154138033 0.2910580043066433
2 0.6389717360679249 0.5406127447869734 0.017514246189382233 0.2463839850409724
2 0.6656238498343763 0.5460277774252366 0.011422334471336342 0.26533659927489334
2 0.6861840518827816 0.5115069443563091 0.011422334471336342 0.17463480258398598
2 0.6949411749774727 0.5142144606754406 0.010660845506580472 0.17734231890311755
