3 0.313871473354232 0.5432630906768838 0.13557993730407525 0.5591634738186463
2 0.13166144200626959 0.5154374201787995 0.04858934169278997 0.15370370370370373
2 0.48393416927899685 0.5465756704980843 0.01645768025078368 0.22923052362707538
2 0.5176332288401254 0.5671136653895275 0.04780564263322873 0.2570561941251597
2 0.5932601880877744 0.6221024904214559 0.0626959247648903 0.5021871008939975
2 0.8918495297805643 0.5545258620689656 0.079937304075235 0.2822318007662835
2 0.759012539184953 0.5107998084291188 0.055642633228840166 0.1974297573435505
2 0.7072884012539186 0.5094747765006385 0.04467084639498424 0.17092911877394634
4 0.6677115987460814 0.5015245849297574 0.03605015673981185 0.13382822477650058
2 0.6375391849529781 0.49357439335887604 0.022727272727272877 0.10732758620689659
1 0.1352644829841205 0.5765472144754534 0.06853176755144158 0.337074767808572
1 0.32333745870767894 0.5706220720725683 0.22194947445637325 0.7386677528930033
1 0.4783127057842343 0.5719387703843206 0.027256953003414283 0.314690896508784
1 0.5227026006755089 0.5949809908399847 0.05996529660751136 0.3765757171611389
1 0.5888980579695151 0.6601575572717203 0.08488593935349009 0.6280650947058156
1 0.6402968836330962 0.5192708379142313 0.01635417180204847 0.21198842819210958
1 0.6683326067223223 0.5278293769406207 0.036602194033156225 0.22383871299787977
1 0.708439266141632 0.5199291870701073 0.04205358463383902 0.22647210962138423
1 0.7629531721484605 0.5179541396024789 0.059186526521699534 0.24885598092117214
1 0.898848552122626 0.5554800414874177 0.11447920261433993 0.32917457793805854
6 0.9706457608996856 0.8958465550753703 0.05870847820062892 0.12245294299295778
6 0.9389552115419355 0.8471287175405375 0.06853176755144176 0.15142030585150706
6 0.8789899149344242 0.8168446563702362 0.06074406669332305 0.13561992611048027
6 0.7902101251518748 0.7457429475356154 0.049841285491957876 0.10138577000492205
6 0.7450414601747881 0.7049252998712963 0.04205358463383902 0.08031859701688632
6 0.7185632772571858 0.687149872662641 0.03270834360409708 0.06846831221111628
6 0.7092180362274436 0.6673993979863576 0.03893850429059185 0.04740113922308055
6 0.6780672327949702 0.6489656216218261 0.035823423947344536 0.03686755272906247
4 0.09632597869352866 0.5969363894635964 0.16977187870698018 0.1777149743985179
4 0.8230688296383424 0.8477870666964137 0.33672939883545466 0.22383871299787983
