1 0.26938174681059857 0.49129193544007727 0.1157998037291462 0.4354032279961366
1 0.09421000981354269 0.22308354699445715 0.09322865554465164 0.18809419449433096
1 0.275269872423945 0.23092080509838758 0.06280667320902843 0.14107064587074825
1 0.874386653581943 0.6568237092088266 0.181550539744848 0.6863525815823462
1 0.3429833169774288 0.16125628861900576 0.0608439646712463 0.12713774257487193
1 0.49656526005888124 0.31713064424162263 0.06967615309126614 0.31349032415721834
1 0.46172718351324826 0.14906499823511393 0.049067713444553504 0.13062096839884102
1 0.5755642787046124 0.25094935358620984 0.06673209028459269 0.2716916142695892
1 0.8935230618253189 0.21002145015457302 0.09421000981354269 0.19680225905425375
6 0.16928361138370954 0.9607351623501301 0.052993130520117795 0.07852967529973967
6 0.21344455348380761 0.9363525815823465 0.05888125613346414 0.127294836835307
6 0.254170755642787 0.9005709697564458 0.053974484789008806 0.1706780653744856
6 0.2904808635917566 0.8622554856927858 0.04219823356231593 0.17067806537448577
6 0.3155053974484789 0.8326480661890484 0.03925417075564273 0.17764451702242381
6 0.35034347399411186 0.7873661304774502 0.036310107948969585 0.17764451702242381
6 0.373405299313052 0.7525338722377594 0.033366045142296345 0.15326193625464016
6 0.3949950932286555 0.7386009689418829 0.03140333660451418 0.1602283879025782
6 0.41069676153091267 0.6941898396862769 0.035328753680078435 0.12713774257487173
6 0.023552502453385672 0.37286225742512813 0.012757605495583902 0.07314774230335097
6 0.0338567222767419 0.35718774121726726 0.01177625122669284 0.05921483900747454
6 0.045142296368989206 0.3615417734972286 0.006869479882237481 0.043540322799613736
6 0.055937193326790965 0.35457532184929036 0.014720314033366044 0.04702354862358277
6 0.06869479882237486 0.350221289569329 0.014720314033366053 0.0557316131835055
6 0.08439646712463199 0.34847967665734453 0.016683022571148197 0.031349032415721755
6 0.10549558390578997 0.3476088702013523 0.01766437684003927 0.04702354862358277
6 0.12266928361138368 0.340642418553414 0.014720314033366062 0.03657387115167552
6 0.13640824337585866 0.33454677336146815 0.012757605495583881 0.034832258239691
6 0.14769381746810598 0.32758032171352996 0.007850834151128562 0.03831548406366004
6 0.43572129538763493 0.6706780653744855 0.026496565260058846 0.09404709724716546
6 0.4524043179587831 0.6489079039746787 0.02845927379784101 0.0853390326872428
6 0.4641805691854759 0.621042097382926 0.04219823356231593 0.08533903268724273
6 0.15799803729146222 0.3206138700655917 0.014720314033366044 0.04179870988762915
6 0.16928361138370954 0.31364741841765353 0.011776251226692836 0.04528193571159825
6 0.17958783120706578 0.3153890313296381 0.012757605495583881 0.05224838735953643
6 0.1918547595682041 0.3058101603137231 0.013738959764475 0.04354032279961366
6 0.20804710500490678 0.31364741841765353 0.014720314033366044 0.052248387359536325
6 0.2173699705593719 0.3005853215777695 0.019627085377821415 0.06443967774342826
6 0.4852796859666339 0.6105924199110188 0.023552502453385672 0.09578871015915005
6 0.49656526005888124 0.598401129527127 0.028459273797841078 0.10972161345502641
6 0.5058881256133464 0.5653104841994205 0.029440628066732158 0.10623838763105731
6 0.5191364082433758 0.5566024196394977 0.04023552502453391 0.06792290356739727
6 0.5333660451422964 0.5452819357115983 0.02944062806673209 0.0975303230711345
6 0.5500490677134446 0.5113204839278996 0.02747791952895 0.0818558068632737
6 0.5637880274779196 0.4973875806320232 0.025515210991167835 0.0818558068632737
6 0.5760549558390579 0.4825838708801546 0.018645731108930336 0.09404709724716553
6 0.5907752698724239 0.46952177404027046 0.018645731108930405 0.09578871015914998
6 0.5976447497546614 0.4494932255524482 0.02257114818449459 0.0801141939512891
6 0.6148184494602551 0.4268522576966491 0.019627085377821346 0.0731477423033509
6 0.6285574092247301 0.4015988704728731 0.023552502453385672 0.04702354862358277
6 0.6398429833169774 0.3972448381929118 0.018645731108930263 0.0557316131835055
6 0.6481844946025516 0.38157032198505086 0.023552502453385672 0.04528193571159818
6 0.6633954857703631 0.37721628970508947 0.01472031403336601 0.06095645191945913
6 0.7080471050049068 0.3232262894335686 0.013738959764475 0.057473226095490056
6 0.7158979391560354 0.3127766119616613 0.015701668302257162 0.06792290356739727
6 0.7315996074582923 0.29710209575380037 0.019627085377821204 0.057473226095489986
6 0.746810598626104 0.27794435372197035 0.01472031403336601 0.05399000027152102
6 0.33807654563297346 0.2596574181461326 0.01570166830225709 0.04876516153556732
6 0.3518155053974485 0.25791580523414803 0.009813542688910673 0.027865806591752716
6 0.3650637880274779 0.2500785471302176 0.016683022571148173 0.022640967855799055
6 0.3788027477919529 0.2465953213062485 0.0068694798822374285 0.029607419503737232
6 0.38959764474975456 0.24485370839426396 0.00686947988223757 0.03657387115167541
6 0.40186457311089296 0.2439829019382717 0.009813542688910673 0.03134903241572186
6 0.41265947006869474 0.23962886965831032 0.011776251226692836 0.03309064532770638
6 0.4244357212953876 0.2344040309223567 0.011776251226692836 0.04005709697564448
6 0.43915603532875364 0.2248251599064417 0.013738959764475069 0.027865806591752716
6 0.7649656526005887 0.2570449987781558 0.011776251226692836 0.0435403227996137
4 0.2423945044160942 0.4059529027528346 0.436702649656526 0.4075374214043839
4 0.38616290480863597 0.6863525815823466 0.5554465161923455 0.4911348411796423
