6 0.7343434343434343 0.12300785634118966 0.022222222222222286 0.03411896745230079
6 0.759090909090909 0.1490460157126824 0.01717171717171709 0.035914702581369265
6 0.7803030303030303 0.17149270482603815 0.013131313131313079 0.04130190796857462
6 0.7984848484848485 0.1858585858585859 0.015151515151515155 0.03771043771043768
6 0.8075757575757575 0.2047138047138047 0.013131313131313079 0.01795735129068465
6 0.8282828282828283 0.2217732884399551 0.01818181818181813 0.03771043771043768
6 0.8383838383838383 0.2558922558922559 0.01212121212121204 0.03411896745230081
6 0.8782828282828282 0.3151515151515152 0.021212121212121106 0.03411896745230077
6 0.9171717171717172 0.384287317620651 0.028282828282828232 0.04668911335578002
6 0.9606060606060606 0.4480359147025814 0.03434343434343432 0.04848484848484851
6 0.9691919191919192 0.4713804713804714 0.023232323232323323 0.0305274971941639
6 0.9777777777777777 0.4812570145903479 0.016161616161616196 0.03950617283950621
6 0.991919191919192 0.5081930415263749 0.016161616161616196 0.03232323232323239
1 0.42676767676767674 0.6069584736251403 0.03939393939393938 0.20830527497194162
1 0.3919191919191919 0.5297418630751963 0.04646464646464651 0.22267115600448925
1 0.4833333333333333 0.3178451178451179 0.027272727272727268 0.08619528619528623
1 0.5292929292929293 0.3941638608305275 0.036363636363636404 0.12390572390572388
1 0.6207070707070708 0.3824915824915825 0.03737373737373737 0.08260381593714924
4 0.8575757575757575 0.3600448933782267 0.28484848484848485 0.6123456790123457
