4 0.49005847953216375 0.5447043534762834 0.3684210526315789 0.3992202729044835
4 0.7561403508771929 0.521832358674464 0.1099415204678364 0.698635477582846
4 0.8660818713450292 0.6642625081221574 0.11461988304093552 0.546848602988954
1 0.9309941520467837 0.26608187134502925 0.08304093567251457 0.29109811565951926
1 0.08654970760233917 0.6434372969460688 0.12748538011695906 0.7131254061078621
0 0.09064327485380115 0.25256660168940875 0.05847953216374268 0.23911630929174796
0 0.3532163742690058 0.27024041585445097 0.04093567251461991 0.13723196881091623
0 0.45204678362573103 0.2026640675763483 0.03742690058479532 0.17257959714100068
0 0.23742690058479532 0.2733593242365172 0.0573099415204679 0.10188434048083174
0 0.5485380116959064 0.1953866146848603 0.04093567251461984 0.12059779077322937
0 0.6508771929824562 0.20370370370370375 0.025730994152046664 0.14139051332033792
0 0.7134502923976608 0.1704353476283301 0.031578947368421095 0.11643924626380767
0 0.7736842105263158 0.14860298895386614 0.039766081871345026 0.1018843404808317
7 0.18771929824561404 0.3159844054580897 0.058479532163742666 0.05406107862248209
8 0.2333333333333333 0.41682910981156596 0.14970760233918126 0.18505523066926577
7 0.508187134502924 0.2743989603638727 0.06549707602339176 0.05821962313190387
0 0.8678362573099414 0.23073424301494477 0.026900584795321692 0.1205977907732294
7 0.850877192982456 0.27647823261858356 0.028070175438596436 0.07069525666016897
