3 0.33189655172413796 0.5240501277139208 0.14811912225705332 0.5525383141762452
1 0.33346394984326017 0.6048770753512133 0.20141065830721006 0.7883939974457215
2 0.13205329153605017 0.525375159642401 0.057210031347962376 0.15502873563218394
2 0.5991379310344827 0.6207774584929757 0.06191222570532908 0.44653575989782884
2 0.5199843260188088 0.551875798212005 0.04153605015673975 0.25043103448275855
2 0.4800156739811912 0.5578384418901661 0.03213166144200628 0.2332056194125159
2 0.6445924764890282 0.5008620689655173 0.018025078369905998 0.12985312899106
2 0.6684952978056427 0.4935743933588761 0.039184952978056346 0.155028735632184
2 0.7092476489028213 0.486949233716475 0.03761755485893417 0.1523786717752234
2 0.756269592476489 0.5015245849297574 0.05172413793103445 0.16562899106002554
2 0.8883228840125392 0.5439256066411239 0.08228840125391855 0.2636813537675606
1 0.1304858934169279 0.5836765644955301 0.07915360501567398 0.3219827586206897
1 0.4796238244514106 0.5916267560664114 0.042319749216300905 0.36968390804597706
1 0.5235109717868339 0.616139846743295 0.059561128526645676 0.4001596424010217
1 0.5956112852664577 0.6658285440613028 0.07993730407523515 0.576388888888889
1 0.6457680250783698 0.4968869731800767 0.015673981191222524 0.15900383141762453
1 0.6696708463949844 0.49158684546615583 0.039968652037617576 0.1908045977011494
1 0.7123824451410659 0.5008620689655173 0.03761755485893417 0.2199553001277139
1 0.7652821316614421 0.5160999361430396 0.06347962382445146 0.24513090676883784
1 0.8989028213166145 0.5691012132822478 0.12068965517241381 0.3935344827586208
6 0.9733542319749217 0.8990341634738186 0.05329153605015662 0.14707854406130266
6 0.9443573667711598 0.8513330140485315 0.07680250783699051 0.14972860791826306
6 0.8753918495297804 0.8023068326947638 0.08620689655172427 0.10997765006385692
6 0.7895768025078369 0.7420178799489144 0.04937304075235119 0.0954022988505747
6 0.7460815047021945 0.7122046615581098 0.039184952978056346 0.07817688378033211
6 0.7276645768025078 0.687029054916986 0.04467084639498438 0.06757662835249036
6 0.709639498432602 0.6704661558109833 0.03683385579937308 0.06360153256704976
6 0.6802507836990596 0.6499281609195403 0.03448275862068982 0.05167624521072788
6 0.6810344827586207 0.6062021072796935 0.03761755485893417 0.035775862068965554
6 0.6543887147335422 0.6300526819923371 0.018808777429467086 0.062276500638569626
4 0.7429467084639498 0.7314176245210727 0.5141065830721003 0.29680715197956564
4 0.10619122257053284 0.6077532639180593 0.20611285266457668 0.1899318151924409
