1 0.13960546282245825 0.6342100826167595 0.14567526555386948 0.6353060192210421
1 0.04969650986342943 0.2632776934749621 0.05842185128983307 0.17669870173663804
0 0.04362670713201821 0.14390490642387463 0.0402124430955994 0.05395380205698871
0 0.2113050075872534 0.23832406002360484 0.058421851289833064 0.186140617096611
0 0.1449165402124431 0.27002191873208575 0.03641881638846737 0.09307030854830554
0 0.11949924127465855 0.26260327094924973 0.02959028831562973 0.06204687236553699
0 0.3679817905918057 0.24911482043500258 0.031866464339908945 0.1618614061709661
0 0.4559939301972685 0.23225425729219362 0.03338391502276167 0.13893104029674597
0 0.5819423368740515 0.16076546956668358 0.05311077389984817 0.10386106895970323
0 0.5352807283763278 0.2079750463665487 0.029590288315629678 0.06609340751981119
0 0.8395295902883155 0.1836958354409038 0.041729893778452265 0.09576799865115496
0 0.9301972685887709 0.21876580677794646 0.05007587253414243 0.13623335019389646
4 0.48444613050075913 0.5647445624683861 0.3148710166919579 0.39656044511886634
4 0.7355842185128982 0.5215815208227953 0.11608497723824009 0.6420502444781652
7 0.8869499241274673 0.6416287303995947 0.15477996965098562 0.49637497892429566
7 0.4848254931714719 0.27744056651492166 0.07435508345978753 0.05125611195413924
7 0.8706373292867982 0.23630079244646776 0.06297420333839114 0.04720957679986512
8 0.21737481031866462 0.349603776766144 0.08725341426403645 0.05800033721126276
8 0.8892261001517449 0.3340920586747598 0.10622154779969648 0.08093070308548303
7 0.4317147192716236 0.2572078907435509 0.013657056145675242 0.03506997133704268
7 0.17640364188163882 0.3077895801719778 0.020485584218512896 0.052604957005563974
