6 0.9727272727272728 0.4785634118967452 0.03232323232323225 0.06285072951739615
6 0.9681818181818181 0.4202020202020202 0.02525252525252526 0.05746352413019082
6 0.9439393939393939 0.4282828282828282 0.027272727272727195 0.05566778900112233
6 0.9267676767676767 0.3968574635241302 0.033333333333333284 0.050280583613917004
6 0.8439393939393941 0.27295173961840624 0.02323232323232318 0.057463524130190784
6 0.8323232323232322 0.23613916947250282 0.022222222222222286 0.059259259259259206
6 0.8055555555555556 0.20022446689113355 0.0252525252525254 0.04848484848484851
6 0.7863636363636364 0.18226711560044895 0.023232323232323323 0.030527497194163828
6 0.7707070707070707 0.16161616161616163 0.016161616161616054 0.03950617283950615
6 0.7550505050505052 0.1490460157126824 0.013131313131313079 0.03950617283950615
6 0.740909090909091 0.12121212121212122 0.02323232323232318 0.04848484848484848
1 0.4358585858585859 0.5890011223344557 0.047474747474747475 0.17598204264870929
1 0.40959595959595957 0.5108866442199775 0.0939393939393939 0.1490460157126824
1 0.4984848484848484 0.3232323232323232 0.03535353535353529 0.10774410774410775
1 0.5560606060606061 0.40134680134680134 0.033333333333333284 0.15263748597081928
1 0.5772727272727273 0.3681257014590348 0.0373737373737373 0.1616161616161616
4 0.8590909090909092 0.3079685746352413 0.2818181818181816 0.5117845117845118
1 0.9641414141414143 0.35196408529741857 0.017171717171717234 0.11133557800224474
1 0.9737373737373738 0.3789001122334456 0.01212121212121204 0.043097643097643114
1 0.9833333333333334 0.3618406285072952 0.019191919191919028 0.07721661054994385
