1 0.0331080148986067 0.47835082550691377 0.06621602979721342 0.18943027681450583
1 0.19593903558635908 0.4810569723185495 0.0403385009109461 0.14342578101669723
1 0.2381802959742366 0.6657514922126926 0.0852436245665276 0.6075299592122363
1 0.38469277569795607 0.6413961709079704 0.0814381056126647 0.47222261863044657
1 0.44862549412285163 0.47835082550691366 0.029683047840130143 0.09742128521888872
1 0.4824938424642648 0.5865877961736232 0.04871064260944436 0.4059220217453695
1 0.5528967134586935 0.5663005968850771 0.029683047840130074 0.292263855656666
1 0.5152220758154513 0.4614374079341899 0.028921944049357506 0.05276986282689805
1 0.5719243082280077 0.5690067436967129 0.02511642509549475 0.32473761739629575
1 0.6008462522773652 0.5500637160152623 0.022072009932404556 0.23272862580067852
1 0.6225377103143833 0.5338268351454476 0.019788698560086786 0.19484257043777742
1 0.6449902721421742 0.5142072707610879 0.01902759476931415 0.16372188210396565
1 0.654123517631445 0.5128541973552702 0.01293876444313355 0.1637218821039658
1 0.9448651657065659 0.5453279590948997 0.03577187816631053 0.29361692906248393
1 0.08748174540126817 0.5040592202174538 0.038055189538628416 0.11907045971197519
3 0.8190638762326603 0.623868871600269 0.09137867577069031 0.534734473028484
1 0.8198253651974161 0.661774100068111 0.10508547713629397 0.6484501584320099
4 0.3564593301435407 0.7531527758388014 0.6800096455268871 0.34385457252970875
4 0.9500399781706499 0.5358745912284933 0.0959476095592251 0.11777695988222298
2 0.03625322046374671 0.462771650611941 0.041120404096810635 0.19087990049877526
2 0.19921185892147775 0.49593872552130264 0.027413602731207087 0.23013888712618297
2 0.23424035130024237 0.6292839042385323 0.07310294061655224 0.5997148646876418
2 0.3842536773571256 0.6042393782865653 0.060919117180460204 0.4467401926567082
2 0.447838005914231 0.47360171588846717 0.023606157907428413 0.11506944356309148
2 0.48210500932823985 0.5967937084089534 0.03883593720254339 0.43726388553974777
2 0.5167527572246265 0.4573566179736778 0.013706801365603524 0.09070179669090742
2 0.5460700823677231 0.5514428100634997 0.017514246189382306 0.3330245072531824
2 0.5696762402751514 0.5663341498187234 0.017514246189382233 0.3709297357210245
2 0.6005165433477594 0.5521196891432826 0.02589062480169545 0.27210539007272233
2 0.620315256431409 0.5304595585902301 0.01979871308364956 0.2531527758388013
2 0.6401139695150584 0.49526184644151966 0.01827573515413796 0.16109722098832813
2 0.6530592819159062 0.5047381535584803 0.018275735154138176 0.1935874168179069
2 0.9435673219702259 0.5446740192656708 0.035789981343520336 0.35468463780623494
