3 0.3126959247648903 0.5041746487867178 0.10344827586206896 0.4544859514687101
2 0.14106583072100315 0.5134498722860792 0.06112852664576806 0.13117816091954018
2 0.48236677115987464 0.531337803320562 0.025862068965517224 0.20140485312899103
2 0.515282131661442 0.5956018518518519 0.03369905956112852 0.35643358876117487
2 0.606974921630094 0.6373403575989783 0.06191222570532915 0.434610472541507
2 0.7676332288401252 0.524712643678161 0.07601880877742957 0.1961047254150703
2 0.8965517241379309 0.5631385696040868 0.09247648902821311 0.3047573435504469
2 0.7065047021943573 0.5101372924648787 0.04153605015673989 0.1855044699872286
2 0.6692789968652038 0.5081497445721584 0.026645768025078384 0.15502873563218386
2 0.6496865203761755 0.5068247126436781 0.018808777429467086 0.14707854406130266
1 0.3146551724137931 0.602227011494253 0.18103448275862064 0.7883939974457216
1 0.14302507836990597 0.5419380587484036 0.07915360501567399 0.2226053639846743
1 0.47648902821316613 0.5386254789272031 0.047021943573667714 0.2663314176245211
1 0.5176332288401254 0.5876516602809706 0.039968652037617576 0.41208492975734357
1 0.6022727272727272 0.6967672413793103 0.07758620689655167 0.6064655172413793
1 0.9012539184952979 0.5697637292464879 0.1426332288401254 0.34185823754789274
1 0.7739028213166145 0.5379629629629629 0.08855799373040768 0.2729565772669221
1 0.7088557993730408 0.525375159642401 0.05407523510971799 0.25838122605363983
1 0.6708463949843261 0.5114623243933589 0.03448275862068968 0.1961047254150703
1 0.6500783699059562 0.5180874840357599 0.01645768025078368 0.20405491698595157
4 0.10561727429197307 0.5996677740863787 0.20337465840407837 0.19269102990033227
4 0.752498972028252 0.8313953488372091 0.48714216576362845 0.28737541528239197
