7 0.5175544794188862 0.7737422652676891 0.13680387409200967 0.1829432337906914
7 0.17009685230024213 0.774818401937046 0.11985472154963682 0.2109227871939737
7 0.23607748184019373 0.5412967446865752 0.07506053268765137 0.13989776701641118
0 0.4207021791767555 0.7640570352434759 0.076271186440678 0.3142319074522464
0 0.5926150121065376 0.7403820285176218 0.07384987893462465 0.2668818940005381
0 0.24757869249394673 0.7640570352434759 0.07142857142857145 0.2582728006456821
0 0.0768765133171913 0.7500672585418349 0.05690072639225183 0.2432068872746838
0 0.18159806295399517 0.5369921980091471 0.050847457627118633 0.22598870056497178
0 0.2923728813559322 0.524078557976863 0.06174334140435832 0.2001614205004036
0 0.7013043287719256 0.6230831315577078 0.08165284366680137 0.42830239440408896
4 0.7808716707021791 0.4971751412429379 0.11380145278450357 0.2066182405165457
1 0.8964891041162228 0.5316115146623621 0.05932203389830505 0.2711864406779661
1 0.7354721549636803 0.3443637341942427 0.06658595641646485 0.1764864137745494
8 0.49818401937046003 0.5391444713478611 0.14648910411622273 0.17002959375840723
7 0.5043103448275862 0.5315221177290144 0.10736677115987468 0.1908742598397771
