1 0.07280701754385964 0.7526315789473683 0.14561403508771928 0.4116959064327485
0 0.06374269005847953 0.38875893437296954 0.08888888888888889 0.349317738791423
0 0.4339181286549707 0.21202079272254712 0.07836257309941523 0.12059779077322935
0 0.5812865497076023 0.17361923326835607 0.04912280701754383 0.09356725146198834
0 0.9339181286549709 0.21624431448992854 0.05497076023391813 0.1455490578297596
0 0.827485380116959 0.17050032488628983 0.03391812865497059 0.10812215724496427
0 0.21695906432748535 0.2266406757634828 0.04327485380116958 0.1871345029239766
0 0.14736842105263157 0.28382066276803125 0.044444444444444425 0.11020142949967511
0 0.12573099415204678 0.2796621182586094 0.022222222222222213 0.12683560753736184
8 0.18596491228070175 0.3971410006497726 0.15906432748538013 0.14554905782975958
7 0.5257309941520467 0.24847303443794672 0.06198830409356731 0.04782326185834958
7 0.8742690058479531 0.24327485380116962 0.045614035087719315 0.0748538011695906
4 0.4742690058479532 0.5582846003898636 0.2771929824561403 0.4803118908382067
8 0.8888888888888888 0.32020792722547115 0.13333333333333341 0.05406107862248213
4 0.7368421052631581 0.431319038336582 0.11929824561403521 0.8129954515919431
4 0.8824561403508772 0.635217673814165 0.1461988304093569 0.5385315139701106
