8 0.5011755485893417 0.5593869731800766 0.09326018808777434 0.13793103448275865
4 0.7608958837772397 0.5176217379607211 0.12227602905569014 0.27764326069410805
1 0.8940677966101696 0.5875706214689265 0.10290556900726386 0.3056228140973903
1 0.5774818401937045 0.39278988431530804 0.05811138014527849 0.2173796072101157
1 0.41888619854721554 0.4498251277912296 0.05811138014527849 0.2367500672585418
7 0.5072639225181598 0.7845036319612589 0.11864406779661017 0.16572504708097924
7 0.17433414043583537 0.775894538606403 0.11138014527845037 0.19155232714554743
7 0.25 0.5531342480495023 0.10532687651331721 0.1807909604519775
0 0.5992736077481841 0.774818401937046 0.06295399515738502 0.2927091740651062
0 0.41404358353510895 0.8027979553403283 0.07263922518159802 0.34005918751681463
0 0.24515738498789347 0.7715899919289749 0.07384987893462469 0.23459779391982777
0 0.08171912832929781 0.7576002152273338 0.09079903147699758 0.266881894000538
0 0.16646489104116222 0.516545601291364 0.07142857142857142 0.2367500672585418
0 0.3050847457627119 0.5294592413236481 0.0799031476997579 0.21953188054882972
7 0.49529780564263326 0.5614768373389063 0.08777429467084645 0.16161616161616166
