1 0.27379784102060833 0.4956459677200387 0.14425907752698722 0.44062806673209015
1 0.08832188420019627 0.22395435345044942 0.07948969578017662 0.18983580740631553
1 0.2708537782139352 0.22482515990644167 0.053974484789008806 0.13584580713479458
1 0.3420019627085377 0.16735193381095165 0.06476938174681056 0.11146322636701099
1 0.9038272816486752 0.6219129038389183 0.1442590775269872 0.6583296807301585
1 0.8910696761530913 0.19608854685869667 0.10696761530912653 0.14803709751868638
1 0.5004906771344456 0.3345467733614681 0.06771344455348391 0.38663806646056925
1 0.4661432777232581 0.15428983697106755 0.048086359175662424 0.13410419422281009
1 0.5819430814524043 0.2500785471302176 0.06182531894013728 0.24556742058982106
6 0.15947006869479882 0.97110629269182 0.06673209028459276 0.05050677444755209
6 0.2070657507360157 0.9310491957161753 0.048086359175662424 0.10275516180708834
6 0.24582924435721296 0.9118914536843454 0.05691854759568202 0.1410706458707483
6 0.2787046123650638 0.8709635502527084 0.0578999018645731 0.11494645219098018
6 0.30961727183513243 0.8300356468210717 0.05495583905789992 0.1306209683988409
6 0.3415112855740922 0.7960741950373729 0.04612365063788022 0.12887935548685647
6 0.36849852796859667 0.7612419367976819 0.033366045142296415 0.12887935548685647
6 0.39450441609421 0.7211848398220374 0.036310107948969515 0.10101354889510375
6 0.41315014720314025 0.7020270977902076 0.03827281648675168 0.10101354889510361
6 0.43621197252208044 0.6680656460065088 0.031403336604514324 0.08882225851121199
6 0.4509322865554465 0.6489079039746787 0.033366045142296345 0.09927193598311923
6 0.46761530912659466 0.636716613590787 0.02944062806673209 0.09578871015915012
6 0.47988223748773307 0.611463226367011 0.028459273797841078 0.10101354889510361
6 0.4950932286555446 0.592305484335181 0.023552502453385672 0.11842967801494922
6 0.5078508341511285 0.5783725810393047 0.023552502453385814 0.07314774230335097
6 0.5176643768400392 0.5574732260954901 0.02158979391560351 0.07663096812732008
6 0.5318940137389597 0.5357030646956832 0.024533856722276752 0.05747322609548995
6 0.5318940137389597 0.5339614517836986 0.024533856722276752 0.0783725810393046
6 0.5436702649656526 0.5191577420318301 0.03042198233562324 0.05921483900747454
6 0.5515210991167813 0.5095788710159151 0.04023552502453377 0.043540322799613805
6 0.5564278704612364 0.5165453226638533 0.020608439646712426 0.09230548433518088
6 0.5662414131501472 0.4921627418960695 0.026496565260058846 0.07140612939136638
6 0.5814524043179589 0.4817130644241623 0.025515210991167905 0.08533903268724273
6 0.5937193326790973 0.4669093546722936 0.020608439646712426 0.08359741977525814
6 0.6030421982335623 0.4564596772003863 0.017664376840039183 0.08708064559922732
6 0.6113837095191365 0.4312062899766105 0.014720314033365938 0.0609564519194592
6 0.6221786064769382 0.4259814512406568 0.016683022571148173 0.06095645191945913
6 0.6329735034347399 0.3972448381929118 0.018645731108930193 0.05921483900747461
6 0.017664376840039252 0.37286225742512813 0.008832188420019628 0.06269806483144365
6 0.027968596663395483 0.3676374186891745 0.015701668302257114 0.048765161535567286
6 0.04268891069676153 0.3615417734972286 0.009813542688910699 0.04702354862358277
6 0.05789990186457311 0.35892935412925175 0.014720314033366053 0.04528193571159818
6 0.07065750736015701 0.3537045153932981 0.01275760549558389 0.03831548406365996
6 0.08488714425907753 0.34673806374536 0.015701668302257134 0.04528193571159811
6 0.10058881256133465 0.3493504831133367 0.00981354268891069 0.04702354862358277
6 0.11334641805691856 0.340642418553414 0.01373895976447498 0.0435403227996137
6 0.13002944062806673 0.3380299991854372 0.011776251226692836 0.04179870988762915
6 0.1467124631992149 0.32670951525753766 0.017664376840039235 0.04354032279961359
6 0.16290480863591758 0.32583870880154536 0.012757605495583899 0.055731613183505536
6 0.18105986261040236 0.3206138700655917 0.017664376840039252 0.05921483900747461
6 0.19823356231599606 0.311905805505669 0.010794896957801755 0.0348322582396909
6 0.20068694798822373 0.31016419259368444 0.013738959764474928 0.0557316131835055
6 0.21246319921491658 0.2936188699298312 0.013738959764475 0.057473226095489986
6 0.22571148184494605 0.2927480634738389 0.012757605495583881 0.059214839007474575
6 0.24141315014720316 0.2892648376498699 0.010794896957801755 0.06269806483144365
6 0.35377821393523057 0.25617419232216354 0.013738959764474857 0.03831548406366004
6 0.3724239450441608 0.24833693421823305 0.013738959764475069 0.03309064532770638
6 0.38861629048086355 0.24311209548227944 0.012757605495583918 0.05050677444755184
6 0.40628066732090284 0.2378872567463258 0.012757605495583847 0.04005709697564455
6 0.4214916584887145 0.23266241801037213 0.019627085377821415 0.03657387115167541
6 0.4381746810598625 0.2283083857304108 0.011776251226692907 0.0348322582396909
6 0.6584887144259077 0.37808709616108177 0.016683022571148173 0.04528193571159825
6 0.6692836113837095 0.37199145096913583 0.010794896957801683 0.06443967774342824
6 0.6992149165848872 0.33193435399349125 0.011776251226692694 0.05050677444755184
6 0.7085377821393523 0.3162598377856304 0.012757605495583847 0.05747322609549002
6 0.7217860647693817 0.3058101603137231 0.013738959764475 0.04702354862358277
6 0.7355250245338567 0.2805567730899472 0.009813542688910673 0.04179870988762907
6 0.7958783120706576 0.264011450426094 0.012757605495583989 0.029607419503737305
6 0.7512266928361139 0.2727195149860167 0.009813542688910673 0.04702354862358277
6 0.956820412168793 0.2648822568820863 0.012757605495583989 0.04179870988762915
6 0.9730127576054955 0.26662386979407077 0.013738959764475 0.03134903241572186
6 0.984298331697743 0.264011450426094 0.0068694798822375 0.04005709697564459
6 0.7639842983316976 0.26314064397010173 0.011776251226692836 0.04528193571159821
4 0.26496565260058885 0.3406424185534141 0.5299313052011776 0.36399709860477025
4 0.39057899901864573 0.6680656460065089 0.6368989205103043 0.5346751639792559
