1 0.15978660552466212 0.4918815595650926 0.06088830326180546 0.22461018536577115
1 0.301732462503746 0.48985194945636584 0.0449051236555815 0.09877435862470663
1 0.3435931709962372 0.6698107124301464 0.09209355868348074 0.6264729868936869
1 0.5117971087569748 0.6535738315603317 0.0707826525418487 0.4884594995002614
1 0.4166591349104037 0.5006765367029089 0.05860499188948772 0.08253747775489181
1 0.5700215487510761 0.4790273622098229 0.019788698560086474 0.0744190373199846
1 0.5981823890096613 0.5974212852188887 0.059366095680260286 0.37886055362901155
1 0.6434680645606289 0.45940779782546315 0.01902759476931422 0.04329834898617271
1 0.6723900086099865 0.5663005968850771 0.03577187816631081 0.3030884429032092
1 0.6982675374962539 0.5642709867763502 0.04186070849249134 0.30173536949739144
1 0.733278311871792 0.5493871793123533 0.023594217513949616 0.24220013964140377
1 0.7553503218041965 0.5345033718483566 0.014460972024678966 0.19348949703195956
1 0.7808472987950775 0.514883807463997 0.01522207581545132 0.15966266188651212
1 0.7934055113428249 0.5087949771378164 0.00989434928004357 0.15289729485742257
3 0.9463873732881108 0.6583095884806943 0.06012719947103293 0.6251199134878691
1 0.9475064337054815 0.6657514922126946 0.10498713258903695 0.6616528954449541
1 0.025496976990881028 0.6650355789595014 0.050993953981762055 0.5804684910958822
2 0.02436764687218408 0.6811899534222582 0.04873529374436816 0.6376200931554835
2 0.1630411330955795 0.49593872552130264 0.0494967827091239 0.2653365992748934
2 0.3416102953308035 0.64282148583419 0.07005698475752929 0.6186674789215626
2 0.3050588250225273 0.4756323531278159 0.044166359955833595 0.13808333227570968
2 0.41890142525351237 0.5040612744786973 0.046450826850100956 0.14891339755223604
2 0.5072341451651797 0.6218382343609204 0.06472656200423899 0.479230388486287
2 0.5932823981825797 0.574456698776118 0.05254273856814685 0.392589866274077
2 0.567772517863262 0.47833986944694745 0.021321691013160945 0.11913071804178876
2 0.6462058812331045 0.4505878271758489 0.018275735154138103 0.09340931301003899
2 0.666385338799132 0.5785179732548155 0.022083179977916815 0.3628071867636297
2 0.6987486198012515 0.5500890519039339 0.0319825365197417 0.3113643767001299
2 0.7314926452857489 0.524367646872184 0.016752757224626436 0.28699672982794566
2 0.7581447590522002 0.5460277774252366 0.016752757224626578 0.26533659927489334
2 0.780608683512495 0.5020306372393486 0.017514246189382306 0.16380473730745976
2 0.7973614407371212 0.49593872552130264 0.017514246189382306 0.17598856074355168
4 0.383111443909992 0.7226932172485712 0.7652964095795314 0.3127181348596958
