1 0.41929824561403506 0.6361923326835608 0.17777777777777778 0.6320987654320988
1 0.21988304093567249 0.5114359974009097 0.1204678362573099 0.37842755035737496
4 0.5947368421052632 0.5426900584795322 0.16491228070175437 0.5073424301494477
4 0.7467836257309943 0.4158544509421703 0.10409356725146196 0.8067576348278104
4 0.8906432748538012 0.6320987654320989 0.143859649122807 0.5530864197530864
0 0.5824561403508772 0.16634178037686811 0.06315789473684219 0.12475633528265107
0 0.21578947368421048 0.20168940870695257 0.05497076023391816 0.13723196881091615
0 0.047953216374269 0.3087719298245614 0.05380116959064327 0.38466536712150756
0 0.14736842105263157 0.29421702404158545 0.028070175438596454 0.12683560753736198
0 0.12748538011695906 0.3056530214424951 0.03976608187134504 0.153866146848603
0 0.45906432748538006 0.22352176738141652 0.03625730994152043 0.08109161793372319
0 0.3666666666666667 0.2401559454191034 0.02690058479532162 0.10604288499025348
8 0.12163742690058477 0.4647173489278753 0.18011695906432745 0.22664067576348274
0 0.8321637426900585 0.19337231968810914 0.026900584795321692 0.15386614684860297
7 0.8555555555555556 0.2505523066926576 0.05029239766081872 0.12267706302794025
7 0.5391812865497075 0.26302794022092274 0.09590643274853804 0.0311890838206628
