6 0.6251896813353567 0.9693980778958019 0.09711684370257963 0.059349182262687636
6 0.5185887708649468 0.9457932894958693 0.08421851289833093 0.09576799865115504
6 0.42336874051593326 0.916793120890238 0.09408194233687418 0.11330298431967649
6 0.33649468892261 0.8749789242960716 0.07966616084977236 0.09981453380542903
6 0.263277693474962 0.821025122239083 0.07283763277693474 0.08902377339403131
6 0.18816388467374806 0.7953970662620133 0.06525037936267072 0.09441915359973038
6 0.12784522003034893 0.7778620805934918 0.04779969650986342 0.0971168437025797
6 0.06904400606980265 0.753582869667847 0.06676783004552354 0.06474456246838642
6 0.03072837632776927 0.7286292362164898 0.02807283763277694 0.1065587590625529
4 0.5087253414264036 0.3295818580340584 0.9825493171471927 0.6591637160681167
