3 0.307601880877743 0.5412755427841635 0.11833855799373044 0.5180874840357599
2 0.14380877742946707 0.544588122605364 0.07288401253918493 0.2173052362707535
2 0.4807993730407523 0.5810265006385696 0.021159874608150418 0.2981321839080461
2 0.5184169278996865 0.6062021072796935 0.0399686520376175 0.3590836526181354
2 0.6057993730407524 0.6439655172413794 0.07210031347962385 0.479661558109834
2 0.8957680250783698 0.5485632183908047 0.09247648902821311 0.2968071519795658
2 0.7672413793103448 0.5167624521072797 0.05485893416927908 0.17490421455938696
2 0.7108150470219436 0.5134498722860792 0.04858934169278996 0.18682950191570882
2 0.6716300940438872 0.4975494891443168 0.028213166144200556 0.1603288633461048
2 0.6442006269592475 0.5147749042145594 0.02037617554858933 0.14442848020434226
1 0.32210031347962387 0.5850015964240103 0.24921630094043884 0.7433429118773947
1 0.14106583072100315 0.5956018518518519 0.10031347962382442 0.36703384418901663
1 0.4780564263322884 0.5922892720306513 0.0376175548589341 0.3551085568326947
1 0.5203761755485893 0.6009019795657727 0.06583072100313472 0.3961845466155811
1 0.591692789968652 0.6777538314176246 0.09561128526645767 0.6002394636015326
1 0.640282131661442 0.5220625798212005 0.04388714733542315 0.2040549169859515
1 0.6692789968652038 0.48761174968071525 0.025078369905955925 0.20405491698595157
1 0.7104231974921629 0.4942369093231163 0.05877742946708466 0.22790549169859525
1 0.7758620689655171 0.5094747765006385 0.0752351097178682 0.20803001277139202
1 0.9098746081504703 0.5379629629629629 0.13479623824451423 0.35510855683269477
6 0.975705329153605 0.8924090038314176 0.04858934169278996 0.12322796934865905
6 0.9525862068965517 0.8453703703703703 0.08228840125391841 0.12455300127713925
6 0.8906739811912225 0.8082694763729247 0.07601880877742957 0.11925287356321831
6 0.7981974921630094 0.738705300127714 0.05094043887147336 0.11527777777777772
6 0.7558777429467085 0.7108796296296296 0.058777429467084516 0.0887771392081737
6 0.731191222570533 0.6890166028097062 0.05015673981191227 0.07420178799489136
6 0.7170846394984326 0.6777538314176246 0.039184952978056346 0.06757662835249036
6 0.6876959247648904 0.6578783524904215 0.03996865203761743 0.07817688378033204
4 0.7292319749216298 0.8208572796934868 0.5415360501567396 0.29813218390804586
4 0.08869746160931755 0.6469516787379652 0.16757006049380038 0.3047573435504468
