1 0.8892261001517449 0.20257966616084985 0.11987860394537193 0.2846063058506154
1 0.4032625189681335 0.7070477153936942 0.16009104704097118 0.5139099645928175
0 0.044385432473444605 0.2484403979092902 0.04628224582701062 0.23604788399932553
0 0.21661608497723825 0.21674253920080935 0.06145675265553873 0.17534985668521322
0 0.1422610015174507 0.28216152419490814 0.04324734446130501 0.1281402798853481
0 0.11760242792109254 0.29497555218344296 0.02124430955993926 0.12139605462822459
7 0.17830045523520482 0.3206036081605126 0.02276176024279213 0.043163041645590955
8 0.15212443095599393 0.40355757882313276 0.23596358118361152 0.14162873039959537
0 0.36722306525037934 0.261254425897825 0.027314112291350483 0.13488450514247174
0 0.44688922610015175 0.22685887708649474 0.031866464339908876 0.09846568875400435
7 0.4180576631259484 0.2605800033721127 0.036418816388467404 0.07418647782835944
7 0.5091047040971168 0.2713707637835104 0.04097116843702579 0.04720957679986508
0 0.5887708649468892 0.17534985668521327 0.05007587253414258 0.1079076041139774
0 0.8254931714719271 0.1915359973023099 0.02883156297420342 0.12139605462822459
0 0.9309559939301971 0.19693137750800876 0.05918057663125964 0.08902377339403138
4 0.5276934749620636 0.4087000505816894 0.28148710166919577 0.1402798853481707
4 0.7416540212443096 0.5422357106727363 0.09180576631259484 0.6096779632439722
4 0.8763277693474961 0.639352554375316 0.13353566009104711 0.5260495700556398
