4 0.7711598746081504 0.5099268547544409 0.1363636363636364 0.26192964123998613
1 0.6030564263322884 0.4639498432601881 0.046238244514106484 0.24521072796934867
1 0.6257836990595612 0.3601532567049809 0.04153605015673982 0.16300940438871478
1 0.9075235109717867 0.5531173807035876 0.06896551724137936 0.24242424242424243
8 0.4988244514106583 0.5391849529780565 0.09482758620689659 0.13653779171020552
7 0.5035266457680251 0.7927551375827239 0.11990595611285265 0.17833507488679914
7 0.16771159874608152 0.7864855451062348 0.10344827586206899 0.22709857192615815
7 0.23393416927899685 0.5600835945663531 0.07445141065830722 0.15604319052594917
0 0.25783699059561127 0.7607105538140021 0.09404388714733546 0.23406478578892376
0 0.08346394984326018 0.7460815047021945 0.0822884012539185 0.2549634273772206
0 0.16810344827586207 0.5015673981191223 0.061912225705329185 0.25078369905956116
0 0.2962382445141066 0.5280390107976315 0.067398119122257 0.20619993033786138
0 0.41927899686520376 0.7641936607453849 0.07366771159874609 0.26889585510275166
0 0.5940438871473355 0.7662835249042146 0.059561128526645885 0.24242424242424235
7 0.4976489028213166 0.5433646812957158 0.11128526645768026 0.16718913270637414
