3 0.02541729893778444 0.6200472095767998 0.014415781487101667 0.051256111954139316
3 0.05462822458270098 0.6348845051424717 0.034901365705614584 0.043163041645591
3 0.0967374810318664 0.6416287303995953 0.04628224582701062 0.059349182262687566
3 0.1418816388467374 0.6564660259652674 0.047040971168437 0.0566514921598381
3 0.18892261001517455 0.6683527229809476 0.05007587253414261 0.06339571741696176
3 0.24051593323217002 0.6865621311751814 0.04855842185128992 0.0701399426740852
3 0.2951441578148711 0.7034226943179904 0.056145675265553974 0.06609340751981108
3 0.35660091047040976 0.7256786376664982 0.06069802731411229 0.06744225257123575
3 0.42185128983308046 0.7479345810150059 0.06373292867981796 0.08227954813690772
3 0.49393019726858883 0.766818411734952 0.06525037936267075 0.07148878772551001
3 0.571320182094082 0.798516270443433 0.07283763277693481 0.08093070308548292
3 0.6532625189681337 0.8268420165233519 0.07435508345978761 0.08632608329118184
3 0.7492412746585737 0.853144495026134 0.08421851289833086 0.08767492834260651
3 0.855083459787557 0.8841679312089025 0.09256449165402131 0.08767492834260665
1 0.4973444613050077 0.3270949249704941 0.9582701062215481 0.5489799359298599
