0 0.33189655172413796 0.5240501277139208 0.14811912225705332 0.5525383141762452
3 0.9733542319749217 0.8990341634738186 0.05329153605015662 0.14707854406130266
3 0.9443573667711598 0.8513330140485315 0.07680250783699051 0.14972860791826306
3 0.8753918495297804 0.8023068326947638 0.08620689655172427 0.10997765006385692
3 0.7895768025078369 0.7420178799489144 0.04937304075235119 0.0954022988505747
3 0.7460815047021945 0.7122046615581098 0.039184952978056346 0.07817688378033211
3 0.7276645768025078 0.687029054916986 0.04467084639498438 0.06757662835249036
3 0.709639498432602 0.6704661558109833 0.03683385579937308 0.06360153256704976
3 0.6802507836990596 0.6499281609195403 0.03448275862068982 0.05167624521072788
3 0.6810344827586207 0.6062021072796935 0.03761755485893417 0.035775862068965554
3 0.6543887147335422 0.6300526819923371 0.018808777429467086 0.062276500638569626
1 0.7429467084639498 0.7314176245210727 0.5141065830721003 0.29680715197956564
1 0.10619122257053284 0.6077532639180593 0.20611285266457668 0.1899318151924409
