3 0.06722276741903827 0.9703140333660452 0.07065750736015701 0.05937193326790961
3 0.11334641805691854 0.9327908086281599 0.05103042198233563 0.10275516180708834
3 0.16486751717369968 0.9153746795083144 0.06575073601570168 0.14455387169471748
3 0.20412168792934246 0.878800808356639 0.055937193326790965 0.15848677499059377
3 0.24631992149165846 0.8439685501169479 0.0441609421000981 0.16545322663853199
3 0.2728164867517174 0.8039114531413034 0.055937193326790965 0.15500354916662473
3 0.3228655544651619 0.7769164530055427 0.05593719332679093 0.07314774230335104
3 0.345927379784102 0.7150891946300917 0.037291462217860595 0.12713774257487173
3 0.3714425907752698 0.6933190332302847 0.033366045142296415 0.14977871043067098
3 0.39057899901864573 0.6689364524625012 0.036310107948969585 0.14629548460670194
3 0.41167811579980373 0.655874355622617 0.04317958783120702 0.12713774257487187
3 0.41952894995093226 0.6288793554868566 0.03729146221786067 0.1567451620786092
3 0.429342492639843 0.6132048392789956 0.033366045142296415 0.10798000054304197
3 0.44210009813542683 0.5992719359831191 0.03140333660451425 0.07314774230335097
3 0.45927379784102057 0.5775017745833124 0.020608439646712426 0.09927193598311923
3 0.4764474975466143 0.5609564519194591 0.027477919528949925 0.12191290383891826
3 0.4955839057899901 0.5470235486235828 0.02257114818449459 0.12539612966288735
3 0.5161923454367026 0.5174161291198456 0.020608439646712426 0.10449677471907293
3 0.5412168792934249 0.49477516126404636 0.025515210991167978 0.09404709724716546
3 0.5554465161923454 0.471263386952255 0.02257114818449452 0.10275516180708827
3 0.5721295387634937 0.452105644920425 0.016683022571148173 0.09927193598311916
3 0.5814524043179589 0.43643112871256406 0.021589793915603436 0.09578871015915005
3 0.6040235525024533 0.41553177376874956 0.021589793915603436 0.08882225851121177
3 0.6226692836113837 0.38766596717699686 0.019627085377821415 0.08882225851121184
3 0.641315014720314 0.3763454832490972 0.011776251226692836 0.08359741977525814
3 0.025515210991167808 0.3162598377856304 0.02060843964671246 0.060956451919459094
3 0.05004906771344455 0.30668096676971535 0.018645731108930325 0.06269806483144365
3 0.06820412168792933 0.30145612803376165 0.013738959764474971 0.059214839007474575
3 0.08439646712463199 0.30668096676971535 0.014720314033366053 0.06269806483144365
3 0.09960745829244357 0.2979729022097926 0.009813542688910708 0.059214839007474575
3 0.11187438665358193 0.2901356441058621 0.010794896957801755 0.07140612939136641
3 0.12610402355250244 0.2840399989139163 0.01766437684003927 0.05224838735953636
3 0.1393523061825319 0.28578161182590084 0.008832188420019626 0.05921483900747461
3 0.15014720314033367 0.27794435372197035 0.018645731108930298 0.07837258103930456
3 0.17369970559371936 0.2727195149860167 0.022571148184494554 0.06095645191945913
3 0.3081452404317958 0.2283083857304108 0.012757605495583881 0.03831548406366004
3 0.3218842001962708 0.2283083857304108 0.010794896957801826 0.03831548406366004
3 0.3366045142296369 0.2274375792744185 0.010794896957801897 0.036573871151675486
3 0.35377821393523057 0.22221274053846485 0.015701668302257162 0.036573871151675486
3 0.37095191364082425 0.2135046759785421 0.012757605495583918 0.05050677444755184
3 0.387144259077527 0.20044257913865807 0.011776251226692907 0.041798709887629105
3 0.4048086359175662 0.20218419205064259 0.009813542688910673 0.038315484063660005
3 0.4219823356231599 0.19870096622667355 0.016683022571148173 0.041798709887629105
3 0.4371933267909715 0.19521774040270443 0.009813542688910744 0.041798709887629105
3 0.7247301275760549 0.27359032144200895 0.013738959764475 0.0348322582396909
3 0.7394504416094211 0.2613990310581172 0.013738959764475 0.04528193571159821
3 0.7507360157016683 0.25182016004220215 0.010794896957801683 0.03309064532770641
3 0.7909715407262021 0.25094935358620984 0.010794896957801683 0.02438258076778361
1 0.3546511627906977 0.6625091920213256 0.6608527131782945 0.5279399148206023
1 0.20397286821705424 0.365005591812973 0.3885658914728682 0.2837462082912033
