3 0.7404040404040404 0.12839506172839507 0.012121212121212182 0.03411896745230079
3 0.7550505050505051 0.13557800224466893 0.011111111111111143 0.037710437710437715
3 0.7712121212121212 0.15353535353535352 0.011111111111111143 0.03411896745230079
3 0.8005050505050505 0.1939393939393939 0.01919191919191917 0.05028058361391697
3 0.8207070707070707 0.2101010101010101 0.013131313131313079 0.050280583613916935
3 0.8292929292929293 0.2352413019079686 0.01818181818181813 0.03232323232323235
3 0.8732323232323234 0.30527497194163866 0.029292929292929416 0.05387205387205388
3 0.9136363636363637 0.3645342312008978 0.02525252525252526 0.03950617283950614
3 0.9262626262626263 0.4004489337822671 0.028282828282828232 0.04668911335578002
3 0.9590909090909091 0.4435465768799102 0.029292929292929416 0.05746352413019082
3 0.983838383838384 0.5108866442199776 0.03232323232323225 0.05207631874298549
1 0.858080808080808 0.38518518518518513 0.28383838383838395 0.6590347923681256
