11 0.5011755485893415 0.5621734587251827 0.10893416927899686 0.13514454893765232
4 0.4949059561128527 0.39637756879136193 0.04623824451410662 0.1407175200278649
4 0.5932601880877744 0.3908045977011494 0.04545454545454554 0.21037965865552072
4 0.8996865203761756 0.552420759317311 0.08150470219435732 0.22709857192615807
7 0.771551724137931 0.5245559038662487 0.10893416927899693 0.2772553117380703
10 0.5105799373040751 0.8025078369905957 0.12147335423197482 0.2173458725182863
10 0.1665360501567398 0.7809125740160223 0.10109717868338558 0.20759317311041442
10 0.24333855799373041 0.5614768373389063 0.07445141065830725 0.13932427725531177
3 0.40987460815047017 0.7781260884709161 0.06426332288401249 0.2911877394636015
3 0.6073667711598746 0.800417972831766 0.07993730407523515 0.29676071055381414
3 0.06622257053291535 0.7725531173807034 0.09796238244514105 0.30790665273423895
3 0.3028996865203762 0.5398815743643329 0.06661442006269588 0.20480668756530832
3 0.1755485893416928 0.535005224660397 0.07366771159874608 0.24799721351445483
10 0.4968652037617555 0.5614768373389063 0.10031347962382448 0.1671891327063741
