9 0.6119119878603945 0.9768167256786379 0.0690440060698026 0.03102343618276848
9 0.5030349013657056 0.9525375147529929 0.09863429438543257 0.07418647782835947
9 0.40477996965098634 0.9255606137244986 0.08573596358118366 0.07958185803405826
9 0.3262518968133536 0.8884673748103188 0.08194233687405163 0.10790760411397742
9 0.24582701062215473 0.8547462485247007 0.078907435508346 0.06474456246838642
9 0.17412746585735955 0.8190018546619459 0.06600910470409714 0.08497723823975732
9 0.11380880121396048 0.7933737986848761 0.06980273141122914 0.07418647782835962
9 0.0606980273141122 0.7616759399763953 0.06525037936267072 0.07823301298263359
9 0.025796661608497643 0.7346990389479009 0.0197268588770865 0.09172146349688078
9 0.8372534142640364 0.8216995447647953 0.10242792109256456 0.10116337885685396
9 0.7412746585735964 0.7987691788905751 0.078907435508346 0.09846568875400435
9 0.6528831562974203 0.7616759399763954 0.0781487101669196 0.08902377339403131
9 0.5747344461305007 0.7373967290507504 0.07966616084977239 0.0890237733940316
9 0.4984825493171472 0.7178384758050919 0.06525037936267082 0.08497723823975732
9 0.43133535660091044 0.6989546450851458 0.06600910470409709 0.08767492834260665
9 0.3649468892261001 0.6766987017366382 0.06525037936267068 0.07283763277693467
9 0.306525037936267 0.6605125611195415 0.06676783004552359 0.06474456246838635
9 0.24772382397572074 0.6456752655538697 0.06297420333839156 0.07013994267408535
9 0.19575113808801206 0.6308379699881976 0.06373292867981792 0.07013994267408549
9 0.14529590288315625 0.605209914011128 0.053869499241274654 0.05125611195413924
9 0.10508345978755683 0.5896981959197438 0.0584218512898331 0.05800033721126283
9 0.0606980273141122 0.5843028157140447 0.048558421851289835 0.05800033721126283
9 0.033763277693474876 0.5681166750969482 0.03414264036418816 0.0768841679312088
7 0.4946889226100151 0.37860394537177533 0.9681335356600911 0.755353228797842
