9 0.5280728376327769 0.9646771202158152 0.08042488619119886 0.05260495700556404
9 0.43019726858877083 0.9296071488787726 0.0758725341426404 0.06609340751981108
9 0.34408194233687395 0.8884673748103186 0.05083459787556897 0.059349182262687636
9 0.2674506828528072 0.8486764457932895 0.06297420333839153 0.07148878772551015
9 0.20068285280728368 0.8163041645590964 0.0599393019726859 0.04181419659416605
9 0.139226100151745 0.7839318833249033 0.05386949924127462 0.02293036587422023
9 0.08194233687405152 0.7603270949249705 0.047040971168437015 0.05665149215983817
9 0.03566009104704089 0.7373967290507504 0.03641881638846739 0.04586073174844046
9 0.8706373292867983 0.8419322205361661 0.07511380880121393 0.055302647108413365
9 0.7644157814871017 0.821025122239083 0.08270106221547806 0.06744225257123589
9 0.674886191198786 0.7886528410048896 0.0811836115326252 0.05395380205698871
9 0.5971168437025797 0.7657224751306694 0.0758725341426404 0.06474456246838656
9 0.5182094081942337 0.7360478839993257 0.07132018209408188 0.06474456246838656
9 0.44916540212443096 0.7239082785365032 0.06525037936267068 0.06204687236553724
9 0.38277693474962066 0.693559264879447 0.061456752655538696 0.044511886697015654
9 0.32397572078907433 0.6780475467880629 0.048558421851289814 0.05125611195413924
9 0.2701062215477996 0.6625358286966784 0.054628224582701106 0.06069802731411236
9 0.2215477996965098 0.6436519979767322 0.05159332321699548 0.04720957679986512
9 0.16919575113808794 0.633535660091047 0.04552352048558424 0.04855842185128971
7 0.5125189681335356 0.3206036081605126 0.9749620637329288 0.6150733434496714
