6 0.3236677115987461 0.5671136653895275 0.18181818181818188 0.6174648786717752
4 0.31347962382445144 0.6079901021711367 0.25391849529780564 0.7840197956577267
5 0.13518808777429467 0.5419380587484036 0.05094043887147334 0.1961047254150703
5 0.4862852664576802 0.543925606641124 0.018025078369905925 0.2186302681992337
5 0.5125391849529781 0.5677761813537675 0.03761755485893417 0.26368135376756063
5 0.5987460815047022 0.6274026181353767 0.06269592476489041 0.48098659003831407
5 0.8996865203761756 0.5631385696040868 0.1034482758620689 0.3047573435504469
5 0.7621473354231975 0.5227250957854406 0.04780564263322887 0.16297892720306514
5 0.709639498432602 0.5008620689655172 0.046238244514106415 0.13780332056194125
5 0.6751567398119122 0.4902618135376756 0.02429467084639512 0.12720306513409965
5 0.6445924764890282 0.49158684546615583 0.02429467084639512 0.11395274584929752
4 0.13479623824451412 0.6115022349936143 0.0830721003134796 0.36703384418901663
4 0.48119122257053293 0.5565134099616859 0.02821316614420063 0.28620689655172415
4 0.509012539184953 0.6174648786717752 0.04937304075235112 0.37895913154533845
4 0.5999216300940439 0.6757662835249042 0.08072100313479623 0.6121647509578544
4 0.6485109717868337 0.49821200510855684 0.025862068965517147 0.19345466155810986
4 0.6743730407523512 0.48694923371647514 0.03213166144200628 0.16297892720306506
4 0.709639498432602 0.498874521072797 0.05250783699059568 0.17092911877394634
4 0.761755485893417 0.5227250957854406 0.05329153605015662 0.18947956577266922
4 0.9141849529780564 0.5618135376756066 0.16536050156739818 0.3498084291187739
9 0.9721786833855799 0.8957215836526181 0.055642633228840166 0.1351532567049807
9 0.9416144200626959 0.8360951468710089 0.055642633228840166 0.11395274584929752
9 0.884796238244514 0.8102570242656449 0.06896551724137936 0.12322796934865905
9 0.7958463949843261 0.7360552362707534 0.05877742946708466 0.09142720306513424
9 0.7547021943573669 0.7029294380587484 0.05015673981191227 0.0914272030651341
9 0.7268808777429467 0.6916666666666665 0.04937304075235104 0.06360153256704976
9 0.719435736677116 0.6684786079182631 0.07680250783699066 0.07022669220945083
9 0.6822100313479623 0.602227011494253 0.03213166144200628 0.05167624521072788
9 0.6775078369905956 0.6572158365261813 0.025862068965517297 0.05300127713920823
9 0.6551724137931035 0.6260775862068967 0.018808777429467086 0.03577586206896548
7 0.7464733542319749 0.7625558748403577 0.5070532915360502 0.3166826309067689
7 0.11559561128526644 0.5949393358876116 0.20611285266457677 0.18815453384418895
