6 0.31543887147335425 0.5253751596424011 0.1105015673981191 0.4783365261813539
5 0.140282131661442 0.5333253512132823 0.05956112852664578 0.23188058748403578
5 0.47805642633228784 0.5538633461047254 0.03918495297805636 0.24645593869731805
5 0.5180250783699059 0.5929517879948915 0.03291536050156736 0.32463282247765
5 0.5963949843260188 0.6234275223499361 0.07523510971786827 0.47303639846743306
5 0.905564263322884 0.5379629629629629 0.08385579937304087 0.3047573435504469
5 0.7668495297805643 0.5107998084291188 0.05877742946708466 0.1576787994891444
5 0.7084639498432602 0.492249361430396 0.039184952978056485 0.16032886334610474
5 0.6751567398119122 0.48761174968071513 0.03526645768025063 0.11925287356321838
5 0.646551724137931 0.46839878671775226 0.018808777429467086 0.08877713920817377
4 0.1359717868338558 0.5532008301404854 0.08855799373040751 0.298132183908046
4 0.3079937304075235 0.6225654533844189 0.18652037617554854 0.7548690932311622
4 0.475705329153605 0.5611510217113665 0.0501567398119122 0.3060823754789272
4 0.5235109717868339 0.5816890166028097 0.0579937304075235 0.37630906768837796
4 0.5901253918495297 0.6539032567049808 0.11128526645768026 0.5922892720306513
4 0.6461598746081505 0.4650862068965517 0.028996865203761785 0.11925287356321838
4 0.6739811912225704 0.48231162196679433 0.037617554858934026 0.1378033205619412
4 0.7115987460815048 0.4895992975734355 0.047021943573667783 0.19742975734355042
4 0.7746865203761755 0.5028496168582375 0.07131661442006262 0.18682950191570882
4 0.9102664576802507 0.5366379310344828 0.12147335423197489 0.3551085568326947
7 0.09526316453181895 0.616802362707535 0.1764197459915376 0.2610312899106001
7 0.8256269592476483 0.815557151979566 0.34717868338557956 0.2928320561941253
