6 0.31308777429467083 0.5207375478927203 0.11520376175548591 0.49821200510855673
5 0.13401253918495296 0.5214000638569604 0.050156739811912224 0.16562899106002554
5 0.4815830721003135 0.5432630906768838 0.03213166144200628 0.2332056194125159
5 0.5168495297805642 0.5863266283524904 0.04937304075235104 0.3272828863346105
5 0.6030564263322884 0.6519157088122606 0.060344827586206906 0.5114623243933589
5 0.646551724137931 0.46906130268199236 0.020376175548589403 0.09010217113665389
5 0.6720219435736677 0.46641123882503194 0.030564263322884103 0.0874521072796935
5 0.7088557993730411 0.4849616858237548 0.03526645768025091 0.14575351213282248
5 0.8969435736677116 0.5353128991060025 0.08228840125391841 0.28090676883780324
4 0.14929467084639497 0.6055395913154534 0.10266457680250783 0.3657088122605364
4 0.3134796238244514 0.6212404214559387 0.18338557993730403 0.7575191570881227
4 0.4737460815047022 0.5498882503192849 0.04467084639498431 0.318007662835249
4 0.5231191222570533 0.5757263729246488 0.0713166144200627 0.356433588761175
4 0.594435736677116 0.6751037675606643 0.08699059561128529 0.5922892720306514
4 0.6489028213166145 0.47833652618135375 0.02037617554858926 0.1457535121328224
4 0.6767241379310346 0.46111111111111114 0.025862068965517297 0.13780332056194133
4 0.7127742946708463 0.47966155810983396 0.043103448275862065 0.174904214559387
5 0.7723354231974922 0.4756864623243933 0.05250783699059554 0.1272030651340996
4 0.7731191222570533 0.4909243295019158 0.06661442006269595 0.18417943805874848
4 0.9122257053291536 0.5691012132822477 0.13949843260188088 0.3723339719029374
7 0.09365203761755479 0.6029476033485655 0.18730407523510959 0.22007145190785923
7 0.8064263322884012 0.8155571519795657 0.3228840125391849 0.284881864623244
