7 0.4812865497076024 0.5311890838206628 0.2690058479532164 0.4595191682910981
7 0.7380116959064328 0.4178687459389214 0.12046783625730996 0.785964912280702
7 0.904093567251462 0.6465886939571152 0.1695906432748538 0.5489278752436648
3 0.9497076023391813 0.25256660168940875 0.08538011695906433 0.1642625081221573
3 0.9140350877192981 0.20578297595841458 0.03274853801169584 0.15386614684860303
3 0.8309941520467836 0.20370370370370375 0.03274853801169584 0.1330734243014945
10 0.8777777777777778 0.2546458739441196 0.08654970760233922 0.07277452891487979
10 0.5163742690058478 0.255685510071475 0.11228070175438595 0.041585445094217056
11 0.1894736842105263 0.3846003898635477 0.24678362573099413 0.14139051332033786
4 0.22280701754385965 0.6673814165042237 0.26432748538011697 0.5614035087719299
3 0.5842105263157894 0.18499025341130604 0.046783625730994274 0.12475633528265107
3 0.36023391812865496 0.24113060428849906 0.04093567251461984 0.1372319688109162
3 0.45146198830409356 0.22033788174139052 0.04093567251461991 0.10396361273554255
3 0.2198830409356725 0.21929824561403513 0.05497076023391816 0.21832358674463948
3 0.042105263157894736 0.16939571150097468 0.0432748538011696 0.09356725146198834
3 0.14502923976608187 0.277517868745939 0.0339181286549708 0.11435997400909688
3 0.12046783625730993 0.27024041585445097 0.024561403508771916 0.07069525666016897
3 0.05847953216374268 0.41578947368421054 0.08304093567251462 0.3992202729044834
11 0.8608187134502924 0.3128654970760234 0.09707602339181293 0.06861598440545816
