0 0.08488714425907752 0.24137048257029486 0.07458292443572129 0.16893645246250094
0 0.2777232580961727 0.22395435345044945 0.05201177625122668 0.1236545167509028
0 0.33905789990186447 0.17518919191488214 0.07065750736015694 0.14455387169471734
0 0.2973503434739942 0.4991291935440077 0.1501472031403339 0.4092790343163684
0 0.49950932286555444 0.2622698375141094 0.07752698724239444 0.2490506464137901
0 0.46172718351324815 0.15864386925102894 0.04317958783120709 0.12887935548685645
0 0.5843964671246319 0.2657530633380785 0.05691854759568202 0.2769164530055429
0 0.9008832188420022 0.627137742574872 0.1501472031403337 0.6861954873219115
0 0.8778213935230619 0.2082798372425885 0.08635917566241418 0.23860096894188287
3 0.13837095191364082 0.9789435507957505 0.0618253189401374 0.034832258239691216
3 0.18645731108930325 0.9484653248360209 0.05593719332679101 0.09578871015915028
3 0.23748773307163887 0.9127622601403377 0.04416094210009813 0.11842967801494936
3 0.2703631010794897 0.8761883889886621 0.04514229636898918 0.14977871043067098
3 0.302747791952895 0.8518058082208785 0.04514229636898921 0.14629548460670194
3 0.33218842001962706 0.8143611306132107 0.049067713444553504 0.14455387169471734
3 0.3572129538763493 0.7725624207255817 0.04219823356231601 0.11668806510296477
3 0.3827281648675171 0.7377301624858907 0.0304219823356231 0.0923054843351811
3 0.40578999018645723 0.7203140333660452 0.03729146221786067 0.127137742574872
3 0.42149165848871434 0.6915774203183003 0.037291462217860595 0.10101354889510375
3 0.4430814524043179 0.6671948395505164 0.035328753680078505 0.09404709724716553
3 0.45927379784102057 0.6436830652387252 0.034347399411187425 0.09927193598311916
3 0.471540726202159 0.6384582265027715 0.035328753680078574 0.10972161345502641
3 0.48920510304219816 0.6001427424391115 0.025515210991167905 0.0853390326872428
3 0.5073601570166829 0.5870806455992273 0.02845927379784101 0.08708064559922732
3 0.5073601570166829 0.5870806455992273 0.02845927379784101 0.08708064559922732
3 0.5137389597644749 0.5731477423033509 0.025515210991167835 0.09404709724716553
3 0.022080471050049066 0.37286225742512813 0.009813542688910692 0.0557316131835055
3 0.5289499509322865 0.5470235486235827 0.022571148184494662 0.07663096812732008
3 0.5392541707556429 0.5313490324157218 0.019627085377821415 0.08011419395128919
3 0.5529931305201178 0.5165453226638532 0.015701668302257162 0.07488935521533556
3 0.5583905789990187 0.5052248387359537 0.024533856722276825 0.07663096812732008
3 0.5740922473012757 0.4886795160721005 0.02257114818449459 0.07488935521533541
3 0.5858684985279686 0.4756174192322164 0.018645731108930263 0.07663096812732022
3 0.5961727183513248 0.4590720965683632 0.02158979391560365 0.07140612939136638
3 0.6069676153091266 0.446009999728479 0.017664376840039252 0.06618129065541276
3 0.6167811579980373 0.43381870934458727 0.019627085377821346 0.052248387359536394
3 0.6388616290480864 0.4007280640168808 0.016683022571148242 0.0557316131835055
3 0.6526005888125613 0.38418274135302766 0.01472031403336601 0.05399000027152098
3 0.6609421000981354 0.37721628970508947 0.011776251226692836 0.05747322609549009
3 0.7011776251226693 0.33280516044948355 0.009813542688910673 0.048765161535567286
3 0.7080471050049068 0.321484676521584 0.013738959764475 0.05399000027152088
3 0.7237487733071639 0.3058101603137231 0.01570166830225702 0.03309064532770638
3 0.732090284592738 0.2892648376498699 0.0068694798822375 0.04179870988762907
3 0.7443572129538764 0.2814275795459394 0.009813542688910673 0.036573871151675486
3 0.03140333660451423 0.36241257995322085 0.018645731108930325 0.04179870988762915
3 0.04612365063788028 0.36241257995322085 0.012757605495583904 0.04528193571159825
3 0.05937193326790972 0.3615417734972286 0.011776251226692845 0.0609564519194592
3 0.07212953876349362 0.3606709670412363 0.009813542688910682 0.05921483900747468
3 0.08292443572129539 0.35805854767325956 0.013738959764474971 0.0609564519194592
3 0.09519136408243377 0.3449964508333754 0.012757605495583899 0.041798709887629
3 0.10451422963689891 0.34325483792139083 0.013738959764474963 0.03483225823969093
3 0.11629048086359173 0.340642418553414 0.011776251226692853 0.03657387115167552
3 0.13052011776251227 0.3371591927294449 0.010794896957801772 0.036573871151675486
3 0.14131501472031402 0.32845112816952216 0.010794896957801755 0.036573871151675486
3 0.15210991167811577 0.32670951525753766 0.006869479882237481 0.04005709697564459
3 0.1663395485770363 0.3206138700655917 0.013738959764475 0.048765161535567286
3 0.18105986261040236 0.3197430636095995 0.01570166830225709 0.05050677444755184
3 0.197252208047105 0.31713064424162263 0.016683022571148173 0.055731613183505536
3 0.21246319921491658 0.3136474184176536 0.013738959764475 0.05573161318350547
3 0.22865554465161922 0.30493935385773085 0.016683022571148134 0.055731613183505536
3 0.24582924435721296 0.29971451512177716 0.013738959764475 0.052248387359536394
3 0.2571148184494602 0.2910064505618545 0.01472031403336601 0.04528193571159821
3 0.38125613346418047 0.24398290193827168 0.009813542688910602 0.034832258239690855
3 0.39156035328753674 0.24049967611430262 0.008832188420019663 0.03831548406366004
3 0.40382728164867515 0.23962886965831032 0.009813542688910744 0.036573871151675486
3 0.4180569185475951 0.2302070929028305 0.014720314033364995 0.03831548406366019
3 0.4342492639842982 0.23004999864239545 0.01570166830225717 0.034832258239690925
3 0.4455348380765456 0.21960032117048806 0.008832188420019592 0.024382580767783643
1 0.3989205103042198 0.6837401622143697 0.6437684003925418 0.5207422606833795
1 0.24533856722276737 0.32758032171352996 0.4563297350343473 0.2716916142695892
