0 0.2595682041216879 0.47474661277622415 0.12561334641805685 0.430178389260183
0 0.5152109911678115 0.29710209575380037 0.07360157016683033 0.3082654854212647
0 0.09666339548577037 0.23614564383434128 0.0647693817468106 0.15848677499059374
0 0.8763493621197253 0.6785938706086335 0.14818449460255137 0.6428122587827328
0 0.8704612365063789 0.2135046759785421 0.11481844946025518 0.207251936526161
0 0.2737978410206084 0.1952177404027044 0.06182531894013739 0.12887935548685645
0 0.34739941118743867 0.15516064342705987 0.05593719332679104 0.13932903295876375
0 0.4681059862610402 0.17780161128285898 0.048086359175662424 0.17416129119845464
0 0.5912659470068695 0.24920774067422535 0.05691854759568209 0.2368593560298983
3 0.13199214916584887 0.9737972591900143 0.0647693817468106 0.0524054816199714
3 0.1830225711481845 0.9520270977902076 0.05888125613346418 0.09594580441958513
3 0.2227674190382728 0.9197287117882758 0.053974484789008806 0.12539612966288743
3 0.2512266928361138 0.8779300019006467 0.0578999018645731 0.1428122587827329
3 0.2924435721295387 0.8465809694849247 0.04416094210009813 0.13932903295876387
3 0.3213935230618253 0.8161027435251953 0.04121687929342496 0.14803709751868638
3 0.34641805691854755 0.7751748400935583 0.038272816486751605 0.15326193625464002
3 0.36947988223748773 0.7446966141338288 0.03729146221786067 0.13062096839884105
3 0.3920510304219823 0.719443226910053 0.04121687929342492 0.1219129038389184
3 0.41118743866535806 0.6950606461422693 0.034347399411187425 0.12191290383891819
3 0.42836113837095185 0.6698072589184934 0.03925417075564276 0.12713774257487195
3 0.4524043179587831 0.6445538716947175 0.02845927379784101 0.12191290383891826
3 0.4656526005888125 0.6210420973829259 0.02944062806673209 0.10972161345502648
3 0.4813542688910696 0.6097216134550265 0.023552502453385672 0.111463226367011
3 0.49509322865554467 0.5879514520552196 0.02944062806673209 0.09578871015915005
3 0.5053974484789009 0.5766309681273201 0.028459273797841148 0.09753032307113464
3 0.5191364082433759 0.567052097111405 0.024533856722276894 0.11320483927899552
3 0.534838076545633 0.5426695163436215 0.02257114818449459 0.08882225851121184
3 0.5431795878312071 0.5226409678557992 0.025515210991167693 0.0905638714231965
3 0.5549558390578999 0.5121912903838919 0.017664376840039325 0.11494645219098018
3 0.5667320902845927 0.48606709670412374 0.01962708537782149 0.1079800005430419
3 0.5794896957801767 0.4721341934082473 0.02158979391560358 0.1358458071347947
3 0.5897939156035329 0.46603854821630136 0.018645731108930263 0.07140612939136638
3 0.5942100098135427 0.45471806428840184 0.019627085377821415 0.06618129065541269
3 0.6050049067713444 0.43991435453653316 0.01570166830225702 0.0818558068632737
3 0.6197252208047105 0.42336903187268 0.01570166830225709 0.0801141939512891
3 0.6359175662414132 0.4059529027528345 0.014720314033366079 0.0835974197752583
3 0.6472031403336606 0.3955032252809272 0.01570166830225709 0.06618129065541276
3 0.6545632973503435 0.3763454832490972 0.02257114818449452 0.08359741977525814
3 0.668792934249264 0.3658958057771899 0.00981354268891053 0.08011419395128919
3 0.7021589793915604 0.3284511281695222 0.011776251226692694 0.06443967774342817
3 0.7154072620215899 0.30581016031372316 0.012757605495583989 0.05399000027152098
3 0.7266928361138372 0.2910064505618544 0.00981354268891053 0.0557316131835055
3 0.7369970559371933 0.2788151601779626 0.004906771344455479 0.0557316131835055
3 0.7482826300294405 0.27533193435399356 0.01373895976447514 0.0557316131835055
3 0.7630029440628067 0.2579158052341481 0.011776251226692836 0.04876516153556725
3 0.021099116781157994 0.3685082251451668 0.013738959764474977 0.06792290356739727
3 0.03483807654563297 0.35631693476127496 0.015701668302257117 0.0470235486235827
3 0.04955839057899901 0.35457532184929036 0.009813542688910699 0.04702354862358277
3 0.06280667320902845 0.35283370893730587 0.01275760549558389 0.05399000027152098
3 0.07850834151128558 0.3493504831133367 0.01275760549558389 0.04702354862358277
3 0.09273797841020606 0.34238403146539853 0.015701668302257107 0.04005709697564463
3 0.10598626104023552 0.34238403146539853 0.012757605495583899 0.04702354862358273
3 0.11972522080471049 0.3371591927294449 0.012757605495583899 0.04005709697564455
3 0.13002944062806673 0.33193435399349125 0.011776251226692836 0.0435403227996137
3 0.1393523061825319 0.3197430636095994 0.010794896957801772 0.0435403227996137
3 0.1535819430814524 0.3232262894335686 0.007850834151128581 0.057473226095490056
3 0.332188420019627 0.2596574181461326 0.013738959764474928 0.04528193571159818
3 0.3439646712463199 0.2509493535862099 0.003925417075564184 0.03483225823969093
3 0.3518155053974484 0.2500785471302176 0.017664376840039183 0.026124193679768162
3 0.36898920510304223 0.24659532130624853 0.014720314033366079 0.026124193679768197
3 0.3827281648675171 0.2422412890262872 0.008832188420019592 0.0348322582396909
3 0.3964671246319921 0.23527483737834898 0.01472031403336601 0.048765161535567286
3 0.41069676153091267 0.2283083857304108 0.011776251226692836 0.0348322582396909
3 0.42590775269872416 0.23004999864239534 0.012757605495583847 0.03483225823969093
3 0.7973503434739942 0.2622698375141094 0.011776251226692836 0.022640967855799124
3 0.9371933267909713 0.2692362891620476 0.010794896957801683 0.026124193679768162
3 0.9519136408243376 0.27359032144200895 0.00883218842001952 0.0348322582396909
3 0.9676153091265948 0.27010709561803986 0.012757605495583989 0.03831548406366004
3 0.9818449460255151 0.2666238697940708 0.005888125613346347 0.04179870988762915
1 0.375 0.6883043018659804 0.631782945736434 0.5141825229034531
1 0.21414728682170545 0.29879814321169235 0.3972868217054264 0.17196739896436558
