4 0.3012139605462822 0.21404484909795993 0.05311077389984828 0.13758219524532117
4 0.6870257966616085 0.16413758219524538 0.03717754172989373 0.1834429269937616
3 0.04453441295546557 0.2354925775978407 0.0576923076923077 0.24291497975708506
3 0.1876265182186235 0.23346828609986503 0.0660425101214575 0.1956815114709852
3 0.13145242914979755 0.29014844804318485 0.04782388663967609 0.1363022941970311
11 0.14321862348178135 0.42982456140350883 0.2322874493927126 0.18083670715249664
4 0.31136133603238875 0.6228070175438597 0.13132591093117413 0.6099865047233469
7 0.49051113360323895 0.50944669365722 0.2026821862348178 0.3724696356275304
7 0.7427884615384619 0.5404858299595143 0.09792510121457482 0.6383265856950069
7 0.8767712550607288 0.6288798920377868 0.12297570850202433 0.5020242914979758
3 0.8285678137651823 0.19770580296896093 0.0432692307692308 0.13630229419703108
3 0.9371204453441296 0.22604588394062083 0.05086032388663966 0.17408906882591096
3 0.3670293522267207 0.2550607287449393 0.02505060728744944 0.14035087719298248
3 0.4577429149797572 0.22941970310391363 0.03795546558704452 0.1214574898785425
3 0.5814777327935223 0.18353576248313097 0.04706477732793523 0.10526315789473686
3 0.5336538461538463 0.20917678812415658 0.030364372469635654 0.07827260458839408
10 0.51126012145749 0.26990553306342785 0.038714574898785374 0.051282051282051315
10 0.4376265182186236 0.2705802968960864 0.031123481781376514 0.08232118758434552
11 0.8653846153846154 0.3319838056680162 0.06983805668016188 0.08367071524966267
10 0.8741143724696357 0.25573549257759787 0.037196356275303516 0.08232118758434545
