3 0.4106583072100314 0.7662835249042146 0.059561128526645815 0.27028909787530475
3 0.606974921630094 0.751654475792407 0.06347962382445153 0.24939045628700804
3 0.16731974921630094 0.5148032044583769 0.06504702194357365 0.20202020202020202
3 0.2993730407523511 0.5217694183211425 0.045454545454545504 0.21873911529083948
3 0.2527429467084639 0.7739463601532567 0.07915360501567399 0.2716823406478579
3 0.07601880877742948 0.73075583420411 0.06739811912225706 0.24381748519679555
10 0.16496865203761757 0.7809125740160223 0.08855799373040756 0.22709857192615815
10 0.5070532915360502 0.7816091954022988 0.10031347962382448 0.21177290142807378
4 0.7566614420062696 0.32601880877742945 0.05407523510971786 0.14489724834552423
4 0.8914576802507836 0.5203761755485894 0.07288401253918493 0.2298850574712643
7 0.7519592476489028 0.48833159177986757 0.11990595611285272 0.20202020202020202
11 0.5031347962382445 0.5398815743643329 0.10658307210031338 0.11285266457680251
10 0.2390282131661442 0.5496342737722049 0.06896551724137928 0.15186346220828986
10 0.5109717868338558 0.546151166840822 0.13949843260188088 0.1560431905259491
