4 0.14453717754172987 0.650396223233856 0.14036418816388468 0.5381891755184625
4 0.5716995447647952 0.5449755521834428 0.20409711684370258 0.9100488956331141
7 0.41502276176024283 0.5222559433485078 0.17147192716236723 0.36014162873039957
7 0.7628983308042487 0.49393019726858883 0.09787556904400603 0.5840499072669028
7 0.8971927162367223 0.6760242792109257 0.12518968133535666 0.5651660765469568
11 0.9468892261001517 0.26462653852638685 0.07587253414264027 0.09846568875400444
3 0.889605462822458 0.2295565671893442 0.05690440060698023 0.13083796998819763
10 0.8505311077389984 0.29430112965773064 0.03186646433990873 0.04720957679986508
11 0.8725341426403642 0.3273478334176362 0.06525037936267097 0.04855842185128985
3 0.11874051593323216 0.27676614398920923 0.017450682852807306 0.0553026471084134
3 0.13922610015174505 0.2990220873377172 0.029590288315629713 0.06744225257123589
3 0.2295144157814871 0.268673073680661 0.037177541729893765 0.12274489967964924
3 0.3482549317147193 0.25923115832068794 0.021244309559939296 0.12544258978249875
3 0.36646433990895294 0.28485921429775757 0.022761760242792094 0.06609340751981112
3 0.702959028831563 0.16346315966953306 0.03110773899848255 0.09576799865115496
3 0.795144157814871 0.1378351036924634 0.03641881638846769 0.07148878772551001
3 0.8254931714719271 0.1290676108582027 0.05007587253414229 0.1348845051424717
11 0.15743550834597875 0.40827853650311924 0.2830045523520486 0.12139605462822459
10 0.19954476479514413 0.32599898836621144 0.03641881638846737 0.040465351542741494
10 0.41767830045523524 0.2693474962063733 0.04324734446130499 0.0566514921598381
