11 0.8871345029239766 0.31182586094866793 0.16608187134502927 0.070695256660169
4 0.5543859649122808 0.6081221572449643 0.1461988304093566 0.5385315139701105
4 0.07543859649122807 0.4033138401559455 0.0935672514619883 0.44496426250812227
3 0.1935672514619883 0.2297595841455491 0.05497076023391813 0.20168940870695265
3 0.053216374269005905 0.1482181236567203 0.0479532163742691 0.05108212125755947
3 0.9309941520467837 0.210006497725796 0.04912280701754383 0.12059779077322942
3 0.8257309941520466 0.18713450292397663 0.032748538011695985 0.11228070175438598
3 0.5877192982456141 0.18297595841455494 0.04795321637426895 0.11643924626380768
11 0.14502923976608184 0.3877842755035738 0.29005847953216374 0.10604288499025344
3 0.14269005847953217 0.2692657569850552 0.03040935672514619 0.10604288499025341
3 0.11812865497076024 0.2526315789473685 0.03040935672514621 0.12267706302794032
7 0.4619883040935672 0.5343729694606888 0.2900584795321637 0.5073424301494478
7 0.7362573099415204 0.42729044834308 0.11345029239766077 0.8046783625730995
7 0.8783625730994151 0.6518518518518519 0.13099415204678366 0.5676413255360624
3 0.3637426900584795 0.25367121507472384 0.030409356725146282 0.12891487979207278
3 0.45438596491228067 0.22664067576348276 0.0362573099415205 0.10812215724496425
