11 0.8831562974203336 0.3216995447647951 0.08194233687405145 0.06069802731411229
3 0.8808801213960546 0.24818748946214803 0.03793626707132006 0.1591637160681167
11 0.9339908952959027 0.24751306693643568 0.039453717754172855 0.11195413926825154
10 0.8467374810318663 0.2697690102849435 0.022761760242791952 0.06204687236553696
3 0.6471927162367223 0.19558253245658405 0.030349013657056077 0.15107064575956838
3 0.7094081942336874 0.20030349013657056 0.031866464339908876 0.14702411060529422
3 0.7329286798179058 0.1490473781824313 0.018209408194233702 0.08497723823975722
3 0.7697268588770864 0.13016354746248524 0.04021244309559933 0.07958185803405834
3 0.45144157814871017 0.1780475467880627 0.03338391502276181 0.12409374473107401
3 0.4089529590288315 0.18748946214803572 0.03793626707132013 0.13758219524532117
3 0.0931406792158654 0.23892910999446457 0.05875989158584798 0.18447549887944706
3 0.01312720982237029 0.3278329648761258 0.02375399872619386 0.22892742632027765
3 0.2344144611137552 0.27115675738906675 0.023753998726193864 0.12891058957840879
3 0.13877336097934306 0.2811584410632537 0.020003367348373775 0.08668125850961975
10 0.19065709503918754 0.3267216666901051 0.053759049748754534 0.0488971201849137
3 0.20003367348373774 0.41451422338574545 0.1700286224611771 0.11335241497411808
4 0.11439425702351252 0.6478868424501062 0.22878851404702505 0.6556659297522515
3 0.38006397961910177 0.20225626985577932 0.04750799745238766 0.2311500226923192
7 0.4857067634277007 0.49119379822117837 0.3813141900783751 0.364505805014811
7 0.7476258546454698 0.5378683220340504 0.15252567603135006 0.6978952608210407
10 0.8901498470026331 0.6645563152404179 0.15002525511280296 0.5512039002662995
10 0.6776140689261616 0.23003872450629842 0.02500420918546723 0.10890722223003496
4 0.5570568647540983 0.17930327868852458 0.05878586065573778 0.17213114754098363
