3 0.6610169491525424 0.516545601291364 0.06779661016949155 0.3658864675813828
3 0.5950363196125908 0.7565240785579769 0.07384987893462473 0.27333871401668014
3 0.42009685230024213 0.7479149852031209 0.06295399515738495 0.2905569007263924
3 0.2524213075060533 0.7608286252354048 0.06900726392251816 0.2604250739843959
3 0.06476997578692494 0.7242399784772666 0.06900726392251816 0.25612052730696805
3 0.17433414043583537 0.5337637880010762 0.048426150121065346 0.2582728006456821
3 0.30205811138014527 0.5090126446058649 0.06658595641646492 0.22168415388754376
4 0.8861985472154964 0.5057842345977939 0.06779661016949148 0.27118644067796616
4 0.7481840193704601 0.3088512241054614 0.04600484261501208 0.1571159537261232
7 0.7699757869249395 0.5466774280333603 0.11622276029055684 0.28840462738767825
11 0.5042372881355932 0.5316115146623621 0.12227602905569007 0.1463545870325531
10 0.5139225181598063 0.8049502286790422 0.12227602905569007 0.28840462738767825
10 0.24334140435835352 0.5316115146623622 0.07990314769975786 0.13774549367769715
10 0.16404358353510895 0.7672854452515468 0.11259079903147699 0.2302932472423997
10 0.5031347962382445 0.5329153605015674 0.09247648902821311 0.17136886102403337
