9 0.028452200303490053 0.6830214129151914 0.023520485584218515 0.07823301298263374
9 0.06411229135053104 0.700977912662283 0.05083459787556904 0.07553532287978414
9 0.11077389984825486 0.7225594334850786 0.05311077389984826 0.06474456246838656
9 0.16426403641881632 0.7394199966278873 0.056904400606980286 0.08227954813690772
9 0.22344461305007582 0.761001517450683 0.061456752655538696 0.09307030854830557
9 0.28641881638846733 0.7933737986848761 0.06449165402124436 0.09576799865115504
9 0.34977238239757197 0.810234361827685 0.06676783004552356 0.08632608329118213
9 0.4248861911987859 0.8412577980104539 0.07435508345978753 0.08902377339403145
9 0.5053110773899848 0.8790254594503457 0.07890743550834607 0.10790760411397742
9 0.5993930197268589 0.9046535154274155 0.08801213960546278 0.10520991401112809
9 0.6965098634294385 0.9428848423537347 0.08801213960546278 0.11423031529253053
9 0.8239757207890744 0.9633282751643906 0.1365705614567527 0.07334344967121893
9 0.011001517450682854 0.5422357106727366 0.02200303490136571 0.0620468723655371
9 0.045523520485584223 0.5449334007755859 0.036418816388467376 0.04586073174844032
9 0.07966616084977239 0.5563985837126961 0.033383915022761786 0.04720957679986519
9 0.11836115326251898 0.5658404990726691 0.03490136570561457 0.06879109762266068
9 0.15629742033383917 0.5746079919069299 0.036418816388467404 0.06204687236553696
9 0.1976479514415782 0.5880964424211769 0.046282245827010654 0.05665149215983817
9 0.24203338391502283 0.5934918226268757 0.04552352048558419 0.06474456246838656
9 0.2879362670713202 0.6123756533468219 0.04931714719271621 0.06204687236553696
9 0.33725341426403643 0.633282751643905 0.04779969650986342 0.07148878772551008
9 0.39188163884673755 0.6433990895295904 0.05235204855842184 0.06204687236553696
9 0.44802731411229146 0.6555386949924129 0.05235204855842191 0.06474456246838656
9 0.5060698027314113 0.671050413083797 0.06373292867981789 0.05800033721126297
9 0.574734446130501 0.6845388635980443 0.06145675265553862 0.06609340751981108
9 0.6437784522003036 0.7034226943179902 0.07511380880121393 0.05800033721126297
9 0.7169954476479515 0.7303995953464848 0.06069802731411229 0.06879109762266068
9 0.8015933232169956 0.7546788062721297 0.07663125948406688 0.07688416793120893
9 0.8937784522003036 0.781655707300624 0.07132018209408202 0.08497723823975718
7 0.486342943854325 0.30011802394199966 0.9620637329286804 0.5597706963412579
