4 0.4552352048558421 0.665697184285955 0.14415781487101667 0.6686056314280896
4 0.43550834597875565 0.20527735626369925 0.04552352048558426 0.20097791266228293
3 0.8486342943854325 0.18571910301804087 0.040212443095599466 0.11060529421682684
3 0.9313353566009103 0.23427752486933065 0.05083459787556876 0.17534985668521327
3 0.20523520485584215 0.2295565671893442 0.05993930197268586 0.20637329286798178
3 0.047799696509863425 0.2376496374978925 0.05614567526555387 0.25223402461642214
3 0.14908952959028832 0.2835103692463329 0.04324734446130499 0.12004720957679986
3 0.11911987860394536 0.2868824818748946 0.030349013657056147 0.11869836452537509
11 0.1430197268588771 0.44739504299443594 0.26631259484066766 0.22390827853650305
11 0.8653262518968132 0.3442083965604452 0.06449165402124407 0.10116337885685386
10 0.868361153262519 0.25181251053785203 0.058421851289832745 0.048558421851289814
10 0.4965857359635812 0.2679986511549486 0.05690440060698023 0.06474456246838639
3 0.3649468892261001 0.27406845388635986 0.0379362670713202 0.16590794132524025
7 0.7329286798179059 0.5249536334513573 0.09408194233687396 0.6245152588096442
7 0.8873292867981789 0.6584892935424043 0.15553869499241288 0.5085145843871185
7 0.5675265553869498 0.48718597201146524 0.21396054628224576 0.3493508683190018
