4 0.8130877742946708 0.3796586555207244 0.046238244514106554 0.17972831765935215
4 0.8989028213166145 0.569836293974225 0.08150470219435746 0.2507836990595611
7 0.7735109717868337 0.5064437478230582 0.09090909090909091 0.21595262974573348
10 0.5094043887147335 0.771856495994427 0.11442006269592475 0.16161616161616166
10 0.1669278996865204 0.7753396029258098 0.09874608150470221 0.18808777429467086
10 0.2402037617554859 0.5454545454545454 0.08228840125391848 0.12121212121212124
3 0.405564263322884 0.7662835249042146 0.06191222570532908 0.2786485545106235
3 0.5975705329153606 0.7690700104493209 0.06661442006269602 0.2563566701497736
3 0.25078369905956116 0.7767328456983629 0.07836990595611287 0.27446882619296403
3 0.08268025078369906 0.7641936607453849 0.07445141065830721 0.28282828282828293
3 0.30289968652037624 0.522466039707419 0.06974921630094048 0.22291884360849878
3 0.17437304075235108 0.5127133402995472 0.0634796238244514 0.24242424242424243
11 0.4952978056426332 0.5252525252525253 0.12068965517241374 0.14768373389063044
10 0.49490595611285265 0.5280390107976315 0.1371473354231975 0.17833507488679906
