4 0.047143244490322055 0.662368808698148 0.06545492600644084 0.654887528415863
4 0.20925835192487902 0.48646926594182105 0.06393271842489572 0.20025486406104903
4 0.3744178745225263 0.6508676847486956 0.07763258665880202 0.5425824357329772
4 0.45052825359978316 0.48714580264473 0.04109960470171863 0.08794977137816332
4 0.5475689869232855 0.6393665607992436 0.05860499188948779 0.4465142239199066
4 0.6453708240375606 0.581184404349074 0.0471884350278993 0.33556220464283887
4 0.7260478258594526 0.5568290830443519 0.03348856679399304 0.2733208279752155
4 0.7523059066411062 0.5602117665588967 0.01902759476931422 0.3071476631206631
4 0.7907416480751209 0.5493871793123533 0.0258775288862671 0.22866940558322482
4 0.8139553136936842 0.527738004819267 0.02511642509549475 0.18807720340868792
4 0.8421161539522692 0.51285419735527 0.0159831796062241 0.15560344166905835
4 0.8584798854538798 0.5 0.016744283396996736 0.1434257810166973
4 0.6975064337054815 0.46414355474582586 0.014460972024678682 0.07171289050834866
6 0.9817786995590354 0.6623294321478613 0.036442600881929084 0.6048238124006007
4 0.9661760718481978 0.6569171385245898 0.06764785630360436 0.6670651890682242
7 0.4068099761679377 0.6914205103729484 0.7846980082865174 0.2949700024682973
4 0.06328607871257592 0.3781617656390795 0.09823207645349206 0.14349836491397294
5 0.05529044458264052 0.36394730496363886 0.08071783026410977 0.14755963939267033
5 0.050721510794106014 0.6935874168179069 0.08528676405264429 0.5496258127837077
5 0.20911121546330252 0.46547916693107255 0.04721231581485668 0.1990024494561699
5 0.3686431535796328 0.5940861920898218 0.06777251786326197 0.5211968914328262
5 0.4474572614318531 0.4702173204895527 0.02741360273120712 0.1164232017226572
5 0.5487352937443682 0.6218382343609204 0.0563501833919257 0.43861764369931355
5 0.6420176919269478 0.555504084542197 0.04645082685010088 0.34385457252970875
5 0.6926567080832053 0.456679738893895 0.016752757224626578 0.0920555548504732
5 0.7227355221910576 0.5419665029465393 0.026652113766451463 0.28970424614707746
5 0.7497683804398869 0.5291058004306644 0.028936580660718646 0.28022793903011695
5 0.786319850748163 0.5338439539891445 0.024367646872184137 0.24909150136010397
5 0.8160179203736374 0.5020306372393487 0.024367646872184 0.18817238417964377
5 0.8388625893163099 0.505415032638263 0.013706801365603666 0.17869607706268326
5 0.8623862525858896 0.5035980353584709 0.029698069625474232 0.17869607706268326
