4 0.12936267071320182 0.37320856516607653 0.07511380880121393 0.4316304164559095
4 0.44650986342943855 0.7050244478165572 0.12518968133535666 0.5899511043668858
7 0.5364188163884674 0.3938627550160174 0.2807283763277693 0.12679143483392344
7 0.7382397572078904 0.542910133198449 0.11229135053110711 0.6326083291181929
3 0.8823975720789085 0.6373292867981778 0.15174506828527937 0.46804923284437644
3 0.044006069802731404 0.23874557410217498 0.0622154779969651 0.22660596863935253
3 0.2120637329286798 0.2380711515764626 0.058421851289833064 0.1820940819423368
3 0.3657056145675266 0.267071320182094 0.025796661608497758 0.14027988534817062
3 0.454855842185129 0.21514078570224243 0.022003034901365695 0.10925644916540211
3 0.5830804248861912 0.17804754678806273 0.043247344461305064 0.07823301298263362
3 0.5318664643399089 0.21244309559939303 0.022761760242792094 0.05800033721126287
3 0.8467374810318664 0.1908615747765975 0.036418816388467404 0.09307030854830549
3 0.9305766312594841 0.22525712358792782 0.04931714719271625 0.15916371606811666
11 0.8660849772382397 0.3338391502276176 0.073596358118361 0.0795818580340584
10 0.874051593323217 0.24346653178216152 0.0591805766312595 0.04720957679986512
10 0.4332321699544764 0.2549317147192716 0.01972685887708657 0.043163041645590955
10 0.507587253414264 0.2731411229135053 0.056145675265553835 0.044511886697015654
11 0.2397572078907435 0.3749789242960715 0.11532625189681336 0.07823301298263359
