1 0.10369928400954652 0.5596658711217184 0.20739856801909304 0.22195704057279245
0 0.7038981702466189 0.5119331742243437 0.1717846725006629 0.19093078758949886
9 0.2733890214797136 0.5525059665871122 0.09427207637231504 0.1288782816229117
2 0.5823919384778573 0.519689737470167 0.075417661097852 0.12291169451073998
10 0.9158446035534341 0.7058472553699282 0.1683107928931318 0.581145584725537
10 0.11836382922301776 0.7094272076372314 0.23253778838504374 0.581145584725537
10 0.7122779103686024 0.6712410501193317 0.2346327234155396 0.5548926014319808
10 0.5844868735083533 0.6957040572792362 0.1382657120127287 0.5083532219570405
10 0.3121453195438875 0.6885441527446301 0.1634049323786793 0.467780429594272
12 0.5226862901087245 0.14916467780429593 0.5635375232033942 0.12649164677804298
11 0.49859453725802133 0.14618138424821003 0.9804295942720755 0.28997613365155134
7 0.9420312914346327 0.5411694510739857 0.11593741713073456 0.23747016706443916
