1 0.8759484066767829 0.19785870848086332 0.08421851289833086 0.26976901028494354
1 0.21092564491654017 0.6079076041139775 0.13960546282245825 0.6150733434496714
0 0.044385432473444605 0.24776597538357792 0.053869499241274654 0.24009441915359975
0 0.19499241274658574 0.20190524363513748 0.06221547799696509 0.12679143483392347
0 0.14415781487101667 0.27878941156634635 0.030349013657056147 0.11330298431967627
0 0.12063732928679816 0.2996965098634295 0.02579666160849774 0.10925644916540207
0 0.36305007587253413 0.2464171303321531 0.03566009104704101 0.14297757545102005
0 0.5861153262518968 0.18437025796661616 0.03869499241274653 0.11060529421682683
0 0.4495447647951441 0.2248356095093577 0.03262518968133541 0.10790760411397737
0 0.5322458270106222 0.21202158152082284 0.02352048558421849 0.0984656887540044
7 0.5098634294385432 0.2720451863092228 0.05311077389984824 0.043163041645590955
8 0.08421851289833078 0.4426740853144496 0.13505311077389984 0.18748946214803572
4 0.50948406676783 0.5451863092227281 0.2708649468892261 0.40870005058168957
4 0.7416540212443096 0.5047209576799865 0.09787556904400603 0.7108413421008261
4 0.8903641881638847 0.6450008430281572 0.1494688922610014 0.54897993592986
