1 0.21040000761103783 0.4810569723185495 0.06621602979721342 0.1894302768145058
1 0.04409882932723178 0.6373369506905168 0.08219920940343733 0.6318852805169586
1 0.04602418407295178 0.3586038290920297 0.09204836814590356 0.11501123949452129
1 0.3127684674699483 0.4641435547458259 0.03348856679399301 0.11501123949452129
1 0.3923038136056816 0.6691341757272373 0.10122680417275148 0.6170014730529618
1 0.5593660956802603 0.6454553911254242 0.060888303261805346 0.49116564631189713
1 0.47678633438143675 0.49052848615927475 0.041860708492491266 0.11365816608870352
1 0.6720094567146003 0.6008039687334334 0.0502328501909895 0.38562592065810114
1 0.7599169445488321 0.5635944500734413 0.03272746300322026 0.3057945897148452
1 0.7812278506904639 0.554122936232716 0.029683047840130143 0.26790853435194395
1 0.825752422450659 0.5419452755803549 0.0258775288862671 0.24084706623558588
1 0.8561965740815617 0.5304441516309027 0.02283311372317712 0.18807720340868792
1 0.8912073484570999 0.5101480505436342 0.02283311372317712 0.15830958848069407
1 0.901862801527916 0.5033826835145448 0.01522207581545132 0.1501911480457868
1 0.7332783118717922 0.4682027749632794 0.02054980235085935 0.066300596885077
3 0.9867258741990571 0.6230903033791423 0.026548251601885654 0.5831746379075143
1 0.9794953881867177 0.6291791337053229 0.04100922362656462 0.6846551433438567
4 0.41099604701718656 0.6995389508078549 0.8219920940343731 0.30579458971484297
2 0.9016854289086595 0.49526184644151966 0.008376378612313289 0.16109722098832813
2 0.8872171385783002 0.4824011439256448 0.009899356541824887 0.15162091387136756
2 0.8533308796466693 0.5236907677924012 0.016752757224626578 0.2260776126474856
2 0.8259172769154622 0.5304595585902301 0.013706801365603524 0.2531527758388013
2 0.7889850621248081 0.5385821075476248 0.014468290330359252 0.2856429716683801
2 0.7550988031931771 0.5392589866274077 0.018275735154138033 0.32219444197665614
2 0.7326348787328825 0.4505878271758489 0.014468290330359252 0.09340931301003899
2 0.6724772505171779 0.5724260615367693 0.03426700341400888 0.4020661733910375
2 0.5612998616628382 0.6374064531959269 0.04797380477961241 0.5401495056667471
2 0.4821050093282399 0.4959387255213026 0.031221047554985972 0.1922336586583411
2 0.3804462325333469 0.617776959882223 0.0807178302641099 0.5875310412515496
2 0.3130544591524627 0.45803349705346064 0.02969806962547434 0.15974346282876234
2 0.21824908304037158 0.46683292509063834 0.05178124960339115 0.23420016160488039
2 0.051863744241239636 0.35311723968711256 0.05863465028619294 0.15026715571180188
2 0.04006066528752547 0.6475596393926701 0.05939613925094869 0.6552189492298388
