0 0.9432748538011695 0.22865497076023394 0.0421052631578948 0.153866146848603
0 0.8409356725146198 0.2037037037037037 0.04795321637426895 0.14970760233918126
0 0.30116959064327486 0.23073424301494483 0.08187134502923975 0.22040285899935033
0 0.4222222222222222 0.2109811565951917 0.052631578947368356 0.18921377517868748
0 0.5859649122807018 0.17147498375568548 0.03625730994152057 0.13515269655620535
0 0.5649122807017544 0.18083170890188435 0.029239766081871323 0.112280701754386
0 0.36257309941520466 0.2307342430149448 0.024561403508771916 0.08732943469785574
0 0.07836257309941519 0.27647823261858356 0.03625730994152046 0.07069525666016897
0 0.2157894736842105 0.2743989603638727 0.03508771929824562 0.09980506822612085
0 0.12280701754385964 0.26920077972709555 0.01754385964912281 0.07693307342430156
0 0.14678362573099413 0.24424951267056527 0.021052631578947344 0.04782326185834958
0 0.5304093567251462 0.19538661468486032 0.02339181286549703 0.15802469135802472
7 0.8935672514619882 0.25360623781676417 0.05263157894736821 0.09980506822612088
7 0.06374269005847953 0.3388564002599091 0.08888888888888889 0.04574398960363872
8 0.09064327485380116 0.45217673814165055 0.13567251461988306 0.14762833008447054
7 0.5333333333333333 0.26504223521767384 0.09005847953216367 0.031189083820662766
8 0.8912280701754386 0.31494476933073423 0.13450292397660818 0.047823261858349536
4 0.5058479532163743 0.5332683560753737 0.3087719298245614 0.47199480181936343
4 0.7497076023391813 0.4677712800519819 0.10643274853801174 0.7901234567901235
4 0.8853801169590642 0.6039636127355427 0.12982456140350862 0.5343729694606888
1 0.19239766081871346 0.5987654320987654 0.17076023391812864 0.7194282001299545
