1 0.75 0.3497444175410277 0.04479418886198545 0.1442023136938391
1 0.8970944309927361 0.5402206080172182 0.07990314769975797 0.21522733387140164
4 0.7669491525423728 0.521926284638149 0.11016949152542381 0.25181598062953997
8 0.5084745762711864 0.5445251546946462 0.11380145278450364 0.124831853645413
0 0.6023002421307506 0.7565240785579769 0.06658595641646485 0.260425073984396
0 0.41707021791767557 0.7608286252354048 0.05932203389830512 0.26472962066182404
0 0.2602905569007264 0.7500672585418349 0.08958837772397096 0.260425073984396
0 0.08111380145278452 0.7791229486144741 0.07990314769975787 0.2797955340328222
0 0.16646489104116222 0.5262308313155771 0.06416464891041163 0.23459779391982793
0 0.2960048426150121 0.526230831315577 0.04237288135593218 0.17863868711326333
7 0.5084745762711864 0.7920365886467582 0.11622276029055698 0.20661824051654562
7 0.24152542372881355 0.5412967446865752 0.07627118644067793 0.15281140704869514
7 0.17130750605326878 0.778046811945117 0.09079903147699758 0.21737960721011576
7 0.5050940438871473 0.5531173807035876 0.08855799373040746 0.1811215604319053
