4 0.4878603945371775 0.5526049570055641 0.3110773899848255 0.42623503625021086
4 0.7462063732928678 0.5546282245827008 0.1145675265553865 0.6326083291181924
4 0.8907435508345982 0.6618614061709661 0.13657056145675284 0.5368403304670375
1 0.8861911987860394 0.21202158152082287 0.09711684370257956 0.30349013657056145
0 0.1904400606980273 0.2113471589951105 0.06221547799696509 0.11869836452537513
0 0.03945371775417299 0.2497892429607149 0.04097116843702579 0.25762940482212093
0 0.1430197268588771 0.2794638340920587 0.020485584218512896 0.10925644916540211
0 0.12063732928679816 0.29767324228629244 0.02579666160849774 0.12409374473107394
0 0.3679817905918057 0.2585567357949756 0.034901365705614536 0.13758219524532111
0 0.4480273141122913 0.232928679817906 0.02959028831562982 0.10790760411397737
0 0.5853566009104704 0.17897487776091725 0.04324734446130492 0.12139605462822457
8 0.07132018209408195 0.471674253920081 0.11077389984825495 0.16455909627381543
1 0.22723823975720792 0.6301635474624853 0.13581183611532627 0.6838644410723319
7 0.5049317147192716 0.278114989040634 0.0569044006069803 0.04181419659416623
