3 0.317398119122257 0.5744013409961686 0.12068965517241377 0.5949393358876118
2 0.13401253918495298 0.5286877394636016 0.04545454545454547 0.188154533844189
2 0.4776645768025078 0.5406130268199234 0.028996865203761716 0.23850574712643677
2 0.5156739811912225 0.5830140485312899 0.039184952978056485 0.3100574712643679
2 0.5956112852664578 0.6426404853128992 0.09090909090909094 0.46376117496807157
2 0.8945924764890282 0.5492257343550447 0.09169278996865202 0.3087324393358876
2 0.772335423197492 0.5154374201787995 0.05721003134796249 0.1881545338441891
2 0.7100313479623824 0.49821200510855684 0.05172413793103459 0.1802043422733078
2 0.6751567398119123 0.4962244572158366 0.03683385579937294 0.15237867177522355
2 0.6442006269592477 0.5094747765006385 0.018808777429467013 0.1629789272030652
1 0.32288401253918486 0.5975893997445719 0.2084639498432602 0.7049169859514683
1 0.1371473354231975 0.551213282247765 0.06583072100313479 0.2756066411238824
1 0.47688087774294663 0.5790389527458494 0.04937304075235104 0.3471583652618135
1 0.5199843260188088 0.5883141762452107 0.05094043887147329 0.36835887611749674
1 0.5897335423197493 0.6790788633461048 0.09169278996865202 0.5922892720306513
1 0.6438087774294671 0.5074872286079183 0.035266457680250836 0.188154533844189
1 0.6775078369905957 0.48429916985951466 0.02429467084639498 0.19212962962962954
1 0.7147335423197493 0.4968869731800767 0.05642633228840111 0.2067049808429119
1 0.7801724137931035 0.5081497445721584 0.07445141065830725 0.22128033205619416
1 0.9098746081504703 0.5439256066411239 0.14733542319749218 0.34053320561941247
4 0.08894777288681695 0.602227011494253 0.1637889627015336 0.23188058748403578
4 0.8197492163009404 0.822844827586207 0.34796238244514116 0.3312579821200511
