1 0.4408194233687405 0.6557916034395549 0.1411229135053111 0.6056314280896984
1 0.44119878603945367 0.19516101837801386 0.06600910470409709 0.18344292699376158
0 0.04666160849772383 0.22753329961220708 0.05690440060698028 0.22930365874220193
0 0.19916540212443096 0.2261844545607824 0.0569044006069803 0.2104198280222559
0 0.14757207890743548 0.2794638340920587 0.028072837632776917 0.10925644916540211
0 0.12974203338391502 0.29227786208059353 0.031866464339908945 0.11600067442252573
0 0.3653262518968133 0.2599055808464003 0.022003034901365695 0.15107064575956838
0 0.5857359635811836 0.1836958354409038 0.047040971168437126 0.12004720957679986
0 0.8471168437025796 0.18774237059517795 0.029590288315629466 0.13083796998819758
0 0.9283004552352048 0.22483560950935766 0.04779969650986359 0.13488450514247174
7 0.8717754172989377 0.2565334682178385 0.062215477996965377 0.06879109762266059
7 0.17640364188163882 0.3057663125948407 0.028072837632776952 0.0566514921598381
7 0.5151745068285281 0.2733940313606475 0.07283763277693467 0.04316304164559092
8 0.8812594840667677 0.3313943685719103 0.09484066767830072 0.08632608329118191
8 0.13315629742033383 0.3954645085145845 0.22685887708649466 0.11195413926825153
4 0.5853566009104704 0.5006744225257124 0.19195751138088007 0.38442083965604446
4 0.7435508345978755 0.5343955488113303 0.08801213960546278 0.6676783004552351
4 0.8865705614567525 0.6362333501938965 0.13429438543247343 0.5287472601584894
