1 0.11783625730994152 0.6653021442495128 0.21461988304093566 0.6071474983755687
0 0.28771929824561404 0.2400909681611436 0.07836257309941519 0.20584795321637425
0 0.45847953216374265 0.19746588693957115 0.05730994152046783 0.14139051332033786
0 0.556140350877193 0.2265756985055231 0.07485380116959056 0.11228070175438604
0 0.8239766081871344 0.14132553606237816 0.04210526315789465 0.14139051332033786
0 0.9309941520467837 0.20786224821312543 0.05029239766081872 0.1580246913580247
7 0.8964912280701753 0.255685510071475 0.04678362573099406 0.09564652371669922
8 0.904093567251462 0.326380766731644 0.0830409356725147 0.04990253411306043
0 0.36257309941520477 0.26094866796621186 0.032748538011695916 0.1309941520467836
0 0.12690058479532162 0.2827810266406757 0.03157894736842106 0.10812215724496425
0 0.22046783625730995 0.2671864847303444 0.03157894736842106 0.08525016244314493
7 0.1982456140350877 0.31397011046133855 0.07134502923976604 0.06653671215074727
8 0.15789473684210525 0.4085769980506823 0.2245614035087719 0.1601039636127355
4 0.46666666666666673 0.5135802469135803 0.4584795321637427 0.40753736192332696
4 0.7415204678362565 0.4283300844704353 0.14502923976608167 0.823391812865497
4 0.8871345029239767 0.6570500324886289 0.12748538011695898 0.5905133203378817
