3 0.3158307210031348 0.5578384418901661 0.12068965517241381 0.5750638569604086
2 0.1359717868338558 0.5068247126436781 0.05094043887147336 0.14707854406130266
2 0.48510971786833856 0.5445881226053639 0.026645768025078384 0.22525542784163477
2 0.5207680250783698 0.6201149425287356 0.030564263322884103 0.36835887611749674
2 0.5940438871473355 0.6691411238825031 0.06739811912225704 0.577713920817369
2 0.8969435736677116 0.5472381864623245 0.09169278996865202 0.2994572158365262
2 0.7684169278996865 0.5214000638569604 0.05877742946708466 0.18417943805874834
2 0.7068965517241381 0.5048371647509579 0.039184952978056485 0.18020434227330775
2 0.6720219435736677 0.5041746487867178 0.03056426332288396 0.17622924648786728
2 0.643808777429467 0.48959929757343557 0.014890282131661364 0.11262771392081732
1 0.13166144200626959 0.5889766922094508 0.06896551724137931 0.3643837803320561
1 0.3170062695924765 0.6168023627075351 0.17476489028213166 0.7618933588761174
1 0.4835423197492163 0.5591634738186463 0.042319749216300905 0.30740740740740735
1 0.5231191222570533 0.6115022349936143 0.0478056426332288 0.4173850574712643
1 0.5920846394984326 0.6717911877394636 0.08228840125391848 0.6174648786717752
1 0.6442006269592477 0.5094747765006385 0.018808777429467013 0.18417943805874842
1 0.67358934169279 0.5028496168582376 0.028996865203761782 0.19477969348659
1 0.7123824451410659 0.4995370370370371 0.042319749216300974 0.2067049808429119
1 0.771551724137931 0.5233876117496807 0.07131661442006276 0.2199553001277139
1 0.9094827586206897 0.5532008301404854 0.12774294670846387 0.3484833971902938
6 0.975705329153605 0.9089719029374203 0.04858934169278996 0.13515325670498085
6 0.9392633228840126 0.8447078544061304 0.06974921630094044 0.12322796934865905
6 0.8844043887147336 0.8069444444444445 0.06504702194357365 0.0980523627075351
6 0.8001567398119122 0.7479805236270753 0.06112852664576806 0.10467752234993612
6 0.7476489028213166 0.7082295657726693 0.042319749216300835 0.0808269476372925
6 0.7245297805642633 0.6823914431673052 0.04153605015673989 0.05830140485312896
6 0.7170846394984326 0.674441251596424 0.05015673981191227 0.06095146871008936
6 0.6829937304075235 0.6499281609195403 0.028996865203761785 0.05167624521072788
6 0.6814263322884012 0.6075271392081737 0.025862068965517154 0.02782567049808428
4 0.7449059561128526 0.8188697318007666 0.5101880877742947 0.3339080459770118
4 0.08738244514106583 0.6366778416347382 0.17476489028213166 0.26898148148148154
