3 0.3170062695924765 0.589639208173691 0.12460815047021939 0.6466155810983397
2 0.13753918495297807 0.5207375478927203 0.04937304075235112 0.18285440613026815
2 0.4843260188087774 0.5180874840357599 0.02037617554858933 0.1828544061302683
2 0.5199843260188088 0.5830140485312899 0.03213166144200628 0.3312579821200511
2 0.5967868338557994 0.609514687100894 0.08542319749216297 0.4240102171136655
2 0.896551724137931 0.5598259897828863 0.08463949843260181 0.31668263090676896
2 0.7695924764890282 0.5180874840357599 0.05485893416927908 0.1934546615581098
2 0.7108150470219436 0.505499680715198 0.042319749216300835 0.16562899106002554
2 0.677115987460815 0.5081497445721584 0.03134796238244505 0.1656289910600256
2 0.6473354231974922 0.5207375478927203 0.025078369905955994 0.16430395913154533
1 0.311128526645768 0.6115022349936143 0.16614420062695923 0.7353927203065135
1 0.13244514106583072 0.5671136653895275 0.08150470219435733 0.3392081736909322
1 0.4800156739811912 0.5498882503192849 0.039968652037617576 0.291507024265645
1 0.5262539184952978 0.6307151979565774 0.04780564263322887 0.479661558109834
1 0.5960031347962382 0.6837164750957854 0.09639498432601869 0.6201149425287356
1 0.9036050156739813 0.5624760536398468 0.1269592476489028 0.3643837803320562
1 0.7786050156739812 0.5207375478927203 0.07131661442006276 0.23850574712643685
1 0.7182601880877744 0.5320003192848021 0.05407523510971785 0.25043103448275855
1 0.6782915360501568 0.5207375478927203 0.03369905956112859 0.23850574712643685
1 0.6492946708463948 0.5366379310344828 0.025862068965517147 0.25175606641123877
6 0.9792319749216302 0.8970466155810983 0.04153605015673975 0.10335249042145592
6 0.9502351097178683 0.8506704980842912 0.0854231974921629 0.1298531289910599
6 0.8832288401253918 0.8182072158365261 0.059561128526645746 0.14442848020434226
6 0.7962382445141065 0.7433429118773947 0.04858934169278996 0.10600255427841646
6 0.7492163009404388 0.7049169859514687 0.04075235109717866 0.0848020434227331
6 0.7233542319749217 0.6883540868454662 0.036050156739811996 0.056976372924648896
6 0.6939655172413793 0.6558908045977012 0.027429467084639468 0.03710089399744561
4 0.08316942354656964 0.609514687100894 0.15379966214016122 0.2279054916985951
4 0.75 0.7605683269476373 0.5 0.2703065134099616
