1 0.7330974842767296 0.7714884696016772 0.07625786163522022 0.40531097134870725
1 0.8797169811320754 0.5031446540880503 0.08176100628930826 0.2403913347309574
4 0.7680817610062892 0.469601677148847 0.09748427672955984 0.18169112508735152
7 0.5113993710691824 0.7791754018169113 0.12185534591194966 0.16352201257861623
7 0.17295597484276728 0.761006289308176 0.0927672955974843 0.1383647798742139
7 0.23624213836477992 0.5457721872816212 0.07940251572327046 0.11600279524807824
7 0.5086477987421384 0.5506638714185884 0.09748427672955977 0.10062893081761004
8 0.5070754716981132 0.5527603074772887 0.12421383647798734 0.1467505241090147
0 0.41312893081761004 0.7596086652690426 0.06367924528301891 0.2613556953179595
0 0.6022012578616353 0.7638015373864431 0.06289308176100626 0.26135569531795944
0 0.2590408805031446 0.7463312368972745 0.09827044025157232 0.24318658280922434
0 0.0809748427672956 0.761006289308176 0.08176100628930819 0.2753319357092942
0 0.16627358490566038 0.5255066387141859 0.06053459119496857 0.25716282320055894
0 0.30935534591194974 0.5143256464011181 0.08883647798742135 0.19287211740041932
