1 0.29677672955974843 0.7707896575821104 0.08569182389937105 0.30328441649196364
1 0.5593553459119497 0.3941299790356394 0.043238993710691814 0.2264150943396226
1 0.9001572327044025 0.5744234800838575 0.08176100628930812 0.2264150943396227
4 0.7716194968553458 0.5143256464011181 0.095125786163522 0.2152341020265549
7 0.17020440251572327 0.7742837176799441 0.09669811320754718 0.16771488469601678
7 0.5074685534591196 0.8001397624039133 0.12028301886792456 0.19426974143955278
7 0.5 0.5562543675751224 0.10062893081761004 0.09224318658280914
7 0.2456761006289308 0.5443745632424878 0.08411949685534591 0.0880503144654088
8 0.5 0.5667365478686233 0.12264150943396224 0.1495457721872816
0 0.23349056603773588 0.7840670859538784 0.04716981132075475 0.2879105520614955
0 0.0770440251572327 0.7435359888190076 0.08176100628930819 0.2096436058700209
0 0.3046383647798742 0.5157232704402516 0.06682389937106915 0.17051013277428376
0 0.1650943396226415 0.519916142557652 0.05503144654088052 0.20125786163522022
0 0.41352201257861637 0.745632424877708 0.05503144654088054 0.23619846261355698
0 0.6049528301886792 0.7651991614255764 0.0668238993710692 0.25576519916142554
