3 0.31387147335423193 0.5591634738186463 0.12304075235109718 0.5618135376756066
2 0.1359717868338558 0.5114623243933589 0.04153605015673982 0.14840357598978288
2 0.48275862068965525 0.5525383141762452 0.021943573667711647 0.24115581098339717
2 0.5199843260188088 0.596264367816092 0.039968652037617576 0.3392081736909324
2 0.6061912225705329 0.6645035121328224 0.06347962382445146 0.5392879948914432
2 0.6496865203761741 0.4935743933588761 0.026645768025078353 0.0967273307790549
2 0.67358934169279 0.4882742656449553 0.035266457680250766 0.13912835249042146
2 0.7147335423197493 0.485624201787995 0.03605015673981171 0.15767879948914434
2 0.7660658307210031 0.5114623243933589 0.05564263322884003 0.16165389527458493
2 0.8914576802507835 0.5406130268199234 0.08072100313479623 0.2835568326947638
1 0.140282131661442 0.5538633461047254 0.06583072100313477 0.28620689655172415
1 0.3213166144200627 0.5810265006385696 0.18495297805642633 0.7221424010217115
1 0.4792319749216301 0.576388888888889 0.03369905956112852 0.30210727969348666
1 0.5258620689655173 0.5916267560664114 0.056426332288401326 0.3802841634738187
1 0.5936520376175548 0.6605284163473819 0.08542319749216297 0.6028895274584929
1 0.649294670846395 0.4882742656449553 0.02429467084639498 0.13647828863346106
1 0.6747648902821317 0.4935743933588762 0.040752351097178806 0.1974297573435505
1 0.7166927899686522 0.4942369093231162 0.04153605015673989 0.20140485312899103
1 0.7723354231974922 0.5333253512132822 0.06818181818181814 0.24778097062579824
1 0.8989028213166145 0.537962962962963 0.1003134796238244 0.3312579821200511
4 0.09357347322197905 0.6148148148148155 0.16990556713361327 0.25440613026819914
4 0.8134796238244513 0.8201947637292466 0.3385579937304075 0.30740740740740724
