1 0.30249356629451873 0.6549269049661496 0.09057135110193563 0.5885869315307858
1 0.36947069988250464 0.47835082550691366 0.04338291607403626 0.09471513840725286
1 0.46080315477521283 0.6447788544225154 0.07230486012339404 0.481694132471172
1 0.532346911107834 0.4567016510138273 0.03729408574785587 0.08930284478398122
1 0.556702232412557 0.601480505436344 0.05860499188948655 0.36803596638247105
1 0.593615766265026 0.44925974728182894 0.0380551895386283 0.0744190373199845
1 0.6350959228621308 0.5602117665588966 0.031205255421675345 0.3071476631206631
1 0.6602123479576256 0.5602117665588966 0.026638632677039954 0.3044415163090272
1 0.6891342920069832 0.5439748856890817 0.02663863267704002 0.22596325877158904
1 0.7119674057301603 0.5324737617396296 0.02054980235085935 0.20837330449595637
1 0.7374643827210412 0.5115011239494521 0.016744283396996594 0.1447788544225152
1 0.7488809395826297 0.5 0.016744283396996452 0.1298950469585182
1 0.9090932875402546 0.6542503682632406 0.12101550273283834 0.6765367029089492
4 0.4079064413165193 0.7367878460181325 0.7961145651481061 0.3572113791359252
3 0.908712735644869 0.6556034416690584 0.07306596391416634 0.614295326241326
1 0.1264896627873034 0.49661560460108545 0.060157628215704445 0.19087990049877526
2 0.12610891830492552 0.47495547404803296 0.03959742616729914 0.19087990049877532
2 0.30315510261063794 0.617776959882223 0.07234145165179648 0.5902385575706811
2 0.3694046425443885 0.47360171588846717 0.03883593720254332 0.14214460675440704
2 0.4638292741741018 0.6157463226428743 0.04797380477961241 0.5022442771989053
2 0.530840303072608 0.4370502455801911 0.029698069625474374 0.1231919925204862
2 0.5441663599558337 0.6015318619674338 0.036551470308276206 0.4007124152314717
2 0.5929016537002019 0.4323120920217109 0.024367646872184068 0.0703954242974207
2 0.6321183353851232 0.543320261106105 0.028175091695962776 0.31407189301926136
2 0.6542015153630399 0.549412172824151 0.017514246189382306 0.30459558590230096
2 0.6861840518827816 0.5277520422710985 0.020560202048405217 0.2233700963283541
2 0.7116939322020994 0.5236907677924012 0.012183823436092069 0.2260776126474856
2 0.7330156232152604 0.5027075163191316 0.013706801365603524 0.1786960770626832
2 0.7471031690632418 0.48713929748412504 0.008376378612313289 0.12860702515874933
