1 0.5955993930197269 0.6450008430281574 0.13960546282245828 0.6622829202495365
1 0.1270864946889226 0.39681335356600916 0.07663125948406675 0.3547462485247007
0 0.031487101669195744 0.25653346821783857 0.02807283763277693 0.26302478502781995
0 0.19575113808801212 0.251812510537852 0.06676783004552356 0.1888383071994604
0 0.36722306525037934 0.2639521160006745 0.027314112291350483 0.1483729556567189
0 0.4594081942336874 0.22685887708649474 0.04324734446130499 0.10116337885685382
0 0.5773899848254931 0.1735794975552184 0.053110773899848314 0.11060529421682685
0 0.8376327769347495 0.19853313100657566 0.056145675265553904 0.10925644916540213
0 0.9309559939301971 0.23697521497218013 0.04552352048558404 0.17534985668521327
7 0.5128983308042488 0.27946383409205877 0.04704097116843698 0.04451188669701572
7 0.8710166919575113 0.24978924296071495 0.05311077389984803 0.07148878772551001
8 0.21889226100151743 0.375906255268926 0.09787556904400603 0.09441915359973024
8 0.8763277693474959 0.32262687573764964 0.08952959028831557 0.07958185803405833
4 0.4218512898330804 0.4905580846400271 0.15933232169954478 0.3021412915191368
4 0.7556904400606981 0.43365368403304655 0.09256449165402131 0.4491654021244309
4 0.8865705614567525 0.6440735120553026 0.14491654021244302 0.48963075366717257
