1 0.4318181818181818 0.6024691358024691 0.04343434343434339 0.2101010101010101
1 0.38888888888888884 0.5225589225589227 0.040404040404040484 0.2011223344556678
1 0.48686868686868684 0.32323232323232326 0.0262626262626263 0.11851851851851851
1 0.5272727272727272 0.3878787878787878 0.0343434343434344 0.11492704826038157
4 0.642929292929293 0.39057239057239057 0.033333333333333284 0.08080808080808076
1 0.9606060606060606 0.39057239057239057 0.016161616161616054 0.08439955106621774
1 0.9040404040404042 0.2998877665544332 0.0262626262626263 0.08978675645342314
6 0.740909090909091 0.13198653198653199 0.01919191919191917 0.04489337822671157
6 0.7585858585858586 0.1490460157126824 0.016161616161616196 0.043097643097643114
6 0.7848484848484848 0.17418630751964084 0.022222222222222286 0.050280583613916914
6 0.8090909090909091 0.1966329966329966 0.01818181818181827 0.04848484848484848
6 0.8323232323232324 0.21907968574635242 0.0262626262626263 0.05387205387205388
6 0.8454545454545455 0.2675645342312009 0.028282828282828232 0.03950617283950621
6 0.9292929292929293 0.4049382716049383 0.022222222222222143 0.05925925925925924
6 0.9616161616161617 0.46060606060606063 0.022222222222222286 0.05207631874298542
6 0.9813131313131314 0.47676767676767673 0.01717171717171709 0.05566778900112226
6 0.993939393939394 0.5001122334455669 0.01212121212121204 0.06644219977553313
4 0.859090909090909 0.3304152637485971 0.28181818181818186 0.574635241301908
