1 0.7535377358490567 0.793151642208246 0.07154088050314457 0.4095038434661075
1 0.8856132075471698 0.49825296995108315 0.09040880503144663 0.22781271837875608
4 0.7684748427672956 0.48637316561844857 0.09355345911949683 0.1900768693221523
7 0.24253144654088055 0.5387840670859539 0.06839622641509432 0.09364081062194281
7 0.503930817610063 0.772187281621244 0.10849056603773591 0.18029350104821787
7 0.16470125786163523 0.7596086652690427 0.08883647798742138 0.1691125087351503
7 0.5019654088050315 0.5366876310272537 0.09827044025157228 0.1146051712089448
8 0.5003930817610063 0.5408805031446541 0.11713836477987422 0.1453529000698812
0 0.24606918238993714 0.7568134171907757 0.07232704402515726 0.2641509433962264
0 0.07783018867924528 0.756114605171209 0.07232704402515724 0.27113906359189377
0 0.6041666666666667 0.7749825296995109 0.07940251572327042 0.30048916841369677
0 0.1654874213836478 0.5136268343815513 0.055817610062893104 0.21104122990915436
0 0.2991352201257862 0.5345911949685536 0.07625786163522012 0.2110412299091545
