1 0.3349056603773585 0.7519217330538086 0.08333333333333331 0.43326345213137657
1 0.5467767295597484 0.38714185883997204 0.05896226415094333 0.19846261355695316
1 0.8907232704402516 0.5492662473794548 0.07075471698113205 0.21243885394828788
4 0.7724056603773585 0.5073375262054508 0.10141509433962255 0.1872816212438854
7 0.5066823899371069 0.7854647099930119 0.10298742138364787 0.14814814814814808
7 0.1654874213836478 0.777078965758211 0.09669811320754718 0.16771488469601678
7 0.247248427672956 0.5478686233403214 0.0809748427672956 0.0810621942697415
7 0.5074685534591196 0.5506638714185884 0.1014150943396227 0.10062893081761004
8 0.5066823899371069 0.559748427672956 0.13128930817610063 0.1691125087351503
0 0.2543238993710692 0.7547169811320755 0.06367924528301884 0.2236198462613558
0 0.0735062893081761 0.7603074772886095 0.06839622641509435 0.22361984626135567
0 0.1721698113207547 0.5213137665967855 0.05188679245283019 0.1872816212438854
0 0.3128930817610063 0.48148148148148145 0.07704402515723267 0.09923130677847652
0 0.4127358490566037 0.7749825296995109 0.05345911949685536 0.28092243186582805
0 0.6037735849056604 0.7826694619147448 0.06132075471698123 0.28232005590496156
