1 0.3338337831758884 0.5346253811166093 0.13333333333333333 0.8254061078622482
1 0.13333333333333333 0.6029239766081872 0.11578947368421053 0.5780376868096168
0 0.44678362573099406 0.24632878492527616 0.03625730994152043 0.14762833008447046
0 0.5456140350877193 0.21721897335932425 0.04678362573099399 0.13931124106562706
0 0.6362573099415204 0.20058479532163745 0.024561403508771704 0.16010396361273557
0 0.7 0.19642625081221574 0.03040935672514621 0.14762833008447046
7 0.8859649122807021 0.25048732943469765 0.03742690058479442 0.17257959714100055
0 0.9497076023391812 0.20682261208577002 0.04093567251461991 0.19337231968810922
0 0.8005847953216374 0.12365172189733592 0.02807017543859658 0.0894087069525666
7 0.6678362573099415 0.24847303443794672 0.02339181286549703 0.05614035087719298
0 0.23391812865497072 0.2640675763482781 0.039766081871344984 0.11643924626380767
7 0.19239766081871346 0.30981156595191683 0.052631578947368425 0.08317089018843404
8 0.15380116959064327 0.383625730994152 0.2818713450292398 0.15594541910331386
8 0.9005847953216375 0.3233268356075374 0.13333333333333341 0.1309941520467836
4 0.5292397660818713 0.5894736842105263 0.2421052631578947 0.4803118908382066
4 0.7748538011695907 0.5385315139701105 0.09941520467836255 0.727745289148798
4 0.8918128654970761 0.6903183885640025 0.1064327485380116 0.5780376868096166
7 0.4982456140350877 0.2682261208576998 0.05146198830409361 0.06653671215074723
